xc xc_err yc yc_err mag mag_err re re_err nsersic nsrsic_err BA BA_err PA PA_err sky sky_err error chi2nu prefix success_flag
23.2447 0.0145 23.2809 0.0185 8.3531 0.0071 3.7451 0.0365 0.79 0.0104 0.7818 0.0051 14.082 1.2484 11.923 5.1687 0.0 1.1628 VFID0358-IC1235 1
41.614 0.0042 42.0526 0.0076 6.5899 0.0019 4.5847 0.0119 0.6887 0.0032 0.5336 0.001 -11.7354 0.1328 55.2508 3.4864 0.0 2.1757 VFID0377-IC1210 1
47.7966 0.0245 48.4442 0.0373 6.8925 0.0037 9.4978 0.0533 0.4989 0.006 0.6485 0.0032 -28.9632 0.4791 -2.8625 3.1663 0.0 1.5117 VFID0378-NGC5205 1
47.5616 0.0406 49.1812 0.1005 9.1094 0.0401 6.5347 0.3519 1.1752 0.0622 0.4412 0.0129 -0.1495 1.4654 -31.7256 3.8242 0.0 1.3516 VFID0392-UGC07009 1
78.5562 0.0066 77.9667 0.006 4.1016 0.0013 5.3697 0.0127 1.0473 0.004 0.927 0.0015 -86.1926 0.9466 81.6025 7.1522 0.0 10.8003 VFID0402-NGC4041 1
40.7326 0.0266 40.6105 0.018 8.7856 0.0228 6.4986 0.2024 1.6644 0.0418 0.689 0.0103 -82.0421 1.5473 -17.0042 2.4959 0.0 1.4352 VFID0413-UGC10796 1
146.4215 0.014 146.0497 0.0092 6.6346 0.0068 7.4938 0.0701 1.4382 0.0119 0.5718 0.0027 79.8821 0.3446 -8.1535 1.3411 0.0 1.5252 VFID0415-NGC4036 1
9.5951 0.011 10.4598 0.0097 8.529 0.0143 2.7643 0.0283 0.8237 0.0115 0.9736 0.0057 -88.8112 11.8498 76.1774 20.0686 0.0 1.294 VFID0422-ARK499 1
32.3648 0.0148 32.1663 0.017 8.8947 0.0136 3.6187 0.0673 1.3062 0.0244 0.8882 0.0088 -30.4759 3.6676 -3.0869 2.8325 0.0 1.416 VFID0423-NGC6359 1
36.1693 0.0789 35.9475 0.2112 8.9052 0.0441 11.2079 0.6606 1.0701 0.0639 0.3524 0.0104 0.4707 1.26 -29.4137 5.4884 0.0 1.3453 VFID0428-UGC08822 1
30.0764 38.6346 17.36 16.2203 5.5894 20.2783 3.7762 22.6668 1.8593 5.2076 0.1752 0.1718 -66.4302 3.6394 50.3783 64.4165 1.0 1.201 VFID0457-VIIZw591 1
130.3534 0.028 130.5333 0.0162 7.9596 0.0145 6.4134 0.1267 1.2348 0.0234 0.4986 0.0052 58.8824 0.6371 19.106 1.2892 0.0 1.4212 VFID0472-NGC5308 1
42.4493 0.1621 41.8715 0.1442 8.8603 0.0221 7.0074 0.2361 0.5801 0.0315 0.8691 0.0236 79.0853 8.5109 -7.9757 3.7517 0.0 1.106 VFID0478-UGC08909 1
40.9084 0.2392 40.6669 0.278 9.4056 0.1592 3.8604 0.8319 0.9055 0.2086 0.7052 0.0857 -38.5398 17.7501 247.1237 21.2887 0.0 95.1573 VFID0481-NGC6307 1
40.1559 0.0062 40.093 0.0074 6.1983 0.0029 3.2746 0.0127 1.1399 0.0094 0.7509 0.0023 -15.2437 0.4089 101.0013 5.1322 0.0 5.1101 VFID0483-NGC6306 1
43.562 0.0331 43.7667 0.0501 9.3651 0.0396 2.9449 0.1557 1.1926 0.075 0.8615 0.0262 -19.2273 9.0816 12.3977 4.6397 0.0 1.2676 VFID0520-NGC3796 1
25.8777 0.0919 27.0187 0.0768 9.7129 0.0179 4.4901 0.1124 0.4534 0.0238 0.8272 0.0191 77.6136 5.1244 8.3972 3.8461 0.0 1.172 VFID0542-UGC10247 1
27.377 0.0161 26.9626 0.0174 6.6715 0.0028 5.2555 0.0225 0.5387 0.0042 0.9147 0.0034 -0.1048 1.8333 44.9234 8.0544 0.0 2.3675 VFID0569-NGC5989 1
25.8694 0.1143 27.7267 0.0963 8.9261 0.0207 5.835 0.17 0.5945 0.0308 0.8545 0.0189 75.892 6.6301 3.5375 6.3054 0.0 1.211 VFID0583-NGC5976A 1
17.3765 0.0091 17.6968 0.0102 5.8752 0.0047 2.7037 0.0166 1.2901 0.0151 0.9109 0.0051 4.8998 2.3583 105.144 41.269 0.0 8.1623 VFID0631-IC0691 1
24.5453 0.0149 24.6298 0.011 8.5601 0.0112 3.4349 0.0504 0.9897 0.0178 0.5458 0.0045 72.6171 0.6518 67.9274 6.3897 0.0 1.324 VFID0638-WISEAJ150535.77+590537.2 1
72.1567 0.0091 72.4692 0.0089 7.2934 0.0093 4.6039 0.059 1.3651 0.0166 0.7997 0.0058 -42.2335 1.3642 23.7352 2.7949 0.0 1.254 VFID0686-NGC3610 1
28.5 0.0469 28.8108 0.048 9.5701 0.0577 3.3065 0.2502 1.2736 0.1027 0.9106 0.0384 -81.448 20.238 20.1621 7.8336 0.0 1.2446 VFID0690-NGC3795B 1
20.8976 0.0053 21.1625 0.0041 6.1804 0.0019 3.3314 0.0091 0.6619 0.0039 0.7619 0.0016 -53.3764 0.3631 208.491 12.3482 0.0 2.8084 VFID0697-NGC5372 1
23.7009 0.3069 27.3743 0.3395 8.1085 1.9002 128.5497 279.051 3.7836 2.3589 0.1755 0.0183 40.0482 2.0576 -30.1389 17.3787 0.0 1.3426 VFID0698-UGC08743 1
24.8962 0.0077 25.0448 0.0092 8.1791 0.0062 2.7325 0.0234 0.9405 0.0091 0.8412 0.0041 74.2432 1.4698 38.619 5.2589 0.0 1.7866 VFID0720-MRK0847 1
28.3016 0.4501 28.235 1.1012 10.6523 0.1387 8.1482 1.5934 0.5665 0.2129 0.4143 0.0652 -18.1311 7.1746 27.6541 7.1023 0.0 1.3149 VFID0755-UGC06912 1
30.2048 0.2026 31.9583 0.1759 9.272 0.0421 5.5407 0.303 0.4599 0.0478 0.83 0.0413 -55.7798 11.2839 32.0868 8.4867 0.0 1.7002 VFID0766-CGCG291-076 1
115.5029 0.0473 116.0951 0.0227 6.8346 0.0097 15.9039 0.2077 1.2639 0.0137 0.304 0.002 65.8102 0.2086 9.1308 1.5332 0.0 1.9292 VFID0772-NGC5987 1
50.8024 0.0853 51.5378 0.0748 7.9831 0.015 8.6702 0.1792 0.8227 0.0211 0.8533 0.0119 -89.8837 3.9798 12.3778 2.9751 0.0 1.1911 VFID0776-UGC09837 1
43.0877 0.03 43.5237 0.027 8.8673 0.0273 3.9165 0.1463 1.1792 0.0468 0.6809 0.0148 -43.0373 2.3143 -10.5953 4.5602 0.0 1.1925 VFID0788-NGC3838 1
88.865 0.0118 87.0806 0.0192 4.2589 0.0016 10.0596 0.0218 0.4652 0.0026 0.602 0.0012 0.7325 0.1624 45.6598 6.5488 0.0 19.1068 VFID0790-NGC5678 1
73.2684 0.7134 72.3214 0.8429 7.1675 1.134 122.3729 127.6818 2.3059 0.9104 0.4092 0.0404 39.816 3.9379 -35.4489 9.6597 0.0 1.1845 VFID0805-UGC08441 1
34.4019 0.0133 34.2286 0.0131 6.2927 0.0037 5.9169 0.0307 0.7487 0.0053 0.3781 0.0014 -46.2277 0.1527 116.2574 10.5584 0.0 5.5014 VFID0816-NGC5526 1
19.2843 0.0715 19.8966 0.1458 10.0752 0.0547 4.4185 0.3217 0.9053 0.0869 0.4996 0.0209 -3.612 2.9171 5.2582 9.1659 0.0 1.3405 VFID0945-KUG1420+564 1
60.5114 0.125 61.3869 0.1002 7.5418 0.0217 11.86 0.3654 0.8718 0.0316 0.5217 0.0091 -52.2771 1.3123 5.7789 4.7311 0.0 1.9774 VFID0949-NGC3794 1
50.9591 0.2447 51.9246 0.1068 8.3776 0.0362 12.8551 0.6231 0.9013 0.0532 0.4328 0.0111 -66.1651 1.5116 19.5975 4.4962 0.0 1.322 VFID0966-NGC3850 1
51.5616 0.0522 50.7356 0.0628 6.7823 0.0059 13.628 0.1106 0.558 0.0094 0.345 0.0023 40.0749 0.2301 -2.6523 4.4034 0.0 1.946 VFID0973-NGC5443 1
58.4586 0.0228 58.7024 0.0351 8.5107 0.0288 5.6093 0.2278 1.5484 0.0553 0.6528 0.0133 -20.0004 1.8873 9.1354 3.0593 0.0 1.3629 VFID0980-NGC5475 1
121.5271 0.0443 120.1911 0.0093 2.9414 0.0032 37.5975 0.1701 1.3235 0.0067 0.1914 0.0005 79.3214 0.0405 -193.3689 8.6611 0.0 31.4578 VFID0987-MESSIER108 1
49.614 0.1745 48.0681 0.0615 9.1701 0.025 6.6299 0.2263 0.5232 0.0403 0.3511 0.0102 87.8432 1.0301 13.8798 4.1514 0.0 1.2191 VFID0991-UGC06919 1
31.9136 0.0707 31.9058 0.1369 9.8791 0.035 4.5662 0.2172 0.6474 0.051 0.5142 0.0167 1.4358 2.2877 -0.9109 5.1569 0.0 1.1534 VFID1005-SBS1409+557 1
83.0849 0.0049 82.834 0.005 6.1374 0.0033 3.2471 0.0176 1.6306 0.0104 0.9616 0.0034 14.1485 3.2113 28.7287 2.7693 0.0 1.6826 VFID1010-NGC3998 1
50.8318 0.042 50.3444 0.0385 7.1509 0.0162 8.9457 0.1975 1.1754 0.0223 0.9284 0.0119 -61.074 7.3772 -13.3102 5.5047 0.0 1.4655 VFID1018-NGC3913 1
85.0904 0.0207 84.7218 0.0284 8.2583 0.0221 5.8835 0.1766 1.3667 0.0327 0.6004 0.0087 -25.3591 1.3315 14.4191 2.088 0.0 1.2947 VFID1032-NGC5422 1
57.3685 0.0072 56.3345 0.0081 4.7399 0.0012 6.3817 0.0099 0.4706 0.002 0.8291 0.0012 21.5378 0.331 83.8794 6.3547 0.0 4.1981 VFID1036-NGC3982 1
59.5971 0.0118 60.4128 0.0155 7.758 0.02 4.2119 0.1147 1.628 0.0413 0.9632 0.0111 62.0578 14.7075 23.4443 4.1441 0.0 2.6069 VFID1055-NGC5473 1
101.19 0.242 100.4199 0.5666 8.2155 0.0533 10.9159 0.8427 0.6108 0.0849 0.434 0.0253 -11.6551 2.8944 119.55 5.6872 0.0 10.4965 VFID1059-NGC3733 1
28.4614 0.0863 28.1425 0.1408 10.4304 0.1131 4.0863 0.6358 1.3944 0.2173 0.7008 0.0594 2.4249 9.3888 28.0565 6.6427 0.0 1.1721 VFID1063-CGCG272-032 1
18.6782 0.0452 19.5373 0.0771 9.2237 0.0352 4.0988 0.1924 0.9196 0.0472 0.6702 0.018 21.9503 3.3527 56.4102 13.4229 0.0 1.9463 VFID1064-CGCG272-015 1
53.3237 0.8158 52.0949 0.2373 9.7973 0.0969 13.6294 1.8595 0.9105 0.16 0.2788 0.0226 -88.5423 2.5638 3.3085 3.8447 0.0 1.157 VFID1075-UGC06894 1
38.2742 0.0078 39.8218 0.0065 6.3471 0.002 3.8156 0.011 0.6112 0.0034 0.798 0.0019 73.5541 0.4707 72.1386 5.7702 0.0 3.1574 VFID1086-NGC4384 1
72.5976 0.047 72.7429 0.0418 8.5444 0.0426 5.3057 0.3072 1.6003 0.0778 0.8088 0.0224 -77.5702 5.4775 33.9867 3.1903 0.0 2.4634 VFID1088-NGC5687 1
58.1225 0.0326 60.331 0.066 5.531 0.0037 16.9731 0.0669 0.3372 0.0035 0.492 0.0021 -1.6187 0.2147 -64.6413 5.1511 0.0 1.8901 VFID1099-NGC3756 1
53.3108 0.0956 54.2222 0.1174 8.7897 0.0191 8.6254 0.2352 0.6458 0.0318 0.3082 0.0061 38.83 0.6335 -15.3764 3.043 0.0 1.2286 VFID1107-UGC09071 1
25.8553 0.0482 25.7464 0.0945 9.1029 0.0162 5.1299 0.1163 0.5154 0.0265 0.5198 0.0097 -1.3197 1.2361 12.0464 6.307 0.0 1.2243 VFID1132-SBS1407+540 1
40.4009 0.6529 38.9853 0.8533 11.2143 0.1598 6.0743 1.3829 0.5181 0.2554 0.4006 0.0762 -37.9059 8.0318 80.7859 5.6728 0.0 1.25 VFID1164-UGC06969 1
28.4157 0.0443 28.013 0.054 8.6251 0.0229 4.1076 0.1253 0.8774 0.0345 0.8321 0.0157 -23.8112 5.0432 17.8874 8.3685 0.0 1.3979 VFID1175-UGC06923 1
85.9061 0.0097 85.8296 0.011 5.0859 0.0059 10.1739 0.0913 2.1006 0.0146 0.7687 0.0031 5.9105 0.5649 -75.9242 4.2258 0.0 3.3631 VFID1176-NGC3729 1
30.4187 0.0168 29.7436 0.0204 7.6936 0.009 3.6493 0.0445 0.9479 0.0142 0.8733 0.0064 -0.2576 2.6434 107.6154 7.2715 0.0 1.2334 VFID1189-NGC3657 1
91.7349 0.0084 90.4359 0.0062 3.4635 0.004 4.3464 0.0197 3.1035 0.0254 0.8042 0.0021 39.2144 0.3559 -86.1385 6.1225 0.0 8.5327 VFID1198-NGC4102 1
56.0302 0.1643 58.1016 0.0998 6.4501 0.266 57.3728 15.3383 2.5638 0.2665 0.5677 0.019 89.8258 2.1054 -91.1865 11.6283 0.0 1.3255 VFID1200-UGC06983 1
48.5128 0.3425 51.9471 0.152 9.3536 0.0639 10.3237 0.8698 0.9485 0.0955 0.4346 0.0191 83.7615 2.5802 27.8032 3.7115 0.0 1.1651 VFID1222-UGC06840 1
33.6037 0.0385 34.5479 0.0546 9.7888 0.0551 2.8636 0.202 1.1626 0.0994 0.8506 0.0328 -13.6586 11.1186 -1.5618 6.1735 0.0 1.288 VFID1229-NGC3917A 1
13.573 0.0378 14.1032 0.0503 10.1048 0.0599 2.4023 0.2007 1.34 0.1334 0.887 0.0413 2.2151 15.326 -34.7861 16.5754 0.0 1.2022 VFID1232-MRK1488 1
36.8555 0.4104 37.0062 0.07 8.6575 0.0532 18.2877 1.3021 1.0235 0.0731 0.1574 0.0057 87.8183 0.5689 7.2427 6.2664 0.0 1.2661 VFID1244-UGC06667 1
44.5073 0.009 45.4488 0.0084 5.9808 0.0048 2.6626 0.0207 1.9126 0.0304 0.8206 0.0042 -40.48 0.9346 69.3085 7.1662 0.0 3.7946 VFID1262-CGCG273-018 1
65.1545 0.4614 65.2458 0.5214 9.085 0.0581 16.5823 1.3422 0.8047 0.0838 0.2285 0.0116 -40.9385 1.2577 13.3535 2.999 0.0 1.2358 VFID1283-UGC06399 1
34.7792 0.2028 36.1934 0.2564 9.0343 0.0474 7.7488 0.5076 0.75 0.0699 0.7886 0.0336 20.26 8.8388 -6.2888 6.4416 0.0 1.2049 VFID1288-UGC06922 1
38.5471 0.1228 39.9683 0.7704 12.3106 5.3544 10.4258 109.628 6.4776 27.651 0.5496 0.6335 -27.9279 63.0745 -14.7425 4.0806 0.0 1.1607 VFID1300-MCG+09-15-079 1
163.2994 0.0229 167.5944 0.0163 3.3152 0.0014 19.5009 0.0297 0.3865 0.0018 0.4688 0.0007 54.7623 0.0798 -29.2057 4.0164 0.0 25.645 VFID1304-NGC4088 1
39.5269 0.0236 40.4734 0.0356 9.0059 0.0375 5.3393 0.2747 1.6651 0.0733 0.7948 0.0172 -8.6913 4.1268 2.5289 3.6357 0.0 1.1705 VFID1305-NGC5602 1
198.0742 0.0142 197.7985 0.007 3.4876 0.0007 22.3709 0.0187 0.5432 0.0011 0.169 0.0001 63.5123 0.0111 -7.5615 1.6744 0.0 4.5323 VFID1308-NGC4157 1
83.2683 0.0223 76.1346 0.0212 6.9139 0.1226 30.4954 5.2305 4.4103 0.2552 0.9299 0.0222 82.5574 11.9081 -62.1156 3.7925 0.0 1.361 VFID1313-UGC06917 1
35.1304 0.0099 35.1015 0.0086 7.8112 0.0059 3.4704 0.0276 0.8836 0.0089 0.6947 0.0034 -47.2105 0.6523 16.6346 4.4216 0.0 1.6976 VFID1315-CGCG273-003 1
66.6302 0.0104 67.6225 0.0043 4.8609 0.0015 9.251 0.0207 0.8512 0.003 0.3906 0.0006 76.3102 0.0638 -29.3093 4.634 0.0 4.9249 VFID1318-NGC4085 1
22.7339 0.2051 23.8162 0.1524 9.4936 0.0695 6.9752 0.4935 0.8043 0.0798 0.5912 0.0244 53.8892 4.0502 -13.0997 10.6433 0.0 1.2496 VFID1337-UGC09083 1
32.1217 0.0102 31.812 0.0118 7.2447 0.0053 4.2611 0.0316 0.9327 0.0108 0.5971 0.0026 38.4703 0.4222 45.1491 6.5621 0.0 1.3889 VFID1340-NGC3870 1
57.8742 0.0431 58.5749 0.0509 8.9551 0.0321 4.622 0.2001 1.1004 0.0489 0.5888 0.0138 40.0126 2.0988 4.4205 3.4232 0.0 1.2145 VFID1345-NGC3922 1
42.5994 1.0575 39.9545 0.3648 10.6363 0.1121 8.5252 1.1647 0.3695 0.1378 0.3521 0.0488 -72.9529 4.4414 -4.981 5.0232 0.0 1.2669 VFID1348-UGC06849 1
91.5804 0.4229 88.735 0.2975 7.8721 0.0269 16.1591 0.5776 0.4233 0.0354 0.5412 0.0184 54.9928 2.1986 -3.4964 3.0229 0.0 1.6063 VFID1351-NGC2552 1
71.5368 0.0564 71.2558 0.0565 7.8432 0.01 9.3652 0.1343 0.7147 0.0164 0.3178 0.003 -44.9184 0.3401 7.5129 2.5236 0.0 1.2926 VFID1353-NGC5673 1
51.5588 0.0268 52.4481 0.0321 8.9455 0.0336 3.0809 0.1316 1.0784 0.051 0.9636 0.0252 -21.9659 30.487 -2.6097 4.7407 0.0 1.4066 VFID1365-UGC04551 1
80.815 0.0139 80.1916 0.0125 5.2244 0.0039 10.788 0.0562 1.0878 0.0058 0.7869 0.0023 46.1711 0.5815 -39.2026 3.9195 0.0 3.7995 VFID1372-NGC5660 1
137.2134 0.0065 136.5272 0.0125 4.2034 0.0049 18.0774 0.1319 2.2504 0.0132 0.4297 0.0011 -21.6733 0.1144 -83.2438 3.4427 0.0 7.9445 VFID1376-NGC4100 1
42.818 0.109 44.056 0.1078 6.5322 0.042 18.6882 0.5364 0.898 0.0251 0.7064 0.0086 45.4596 1.625 -66.4221 12.6265 0.0 2.9146 VFID1398-UGC06930 1
92.398 0.1587 87.7759 0.3278 6.6204 0.0131 20.4327 0.4002 0.4608 0.0195 0.4897 0.0087 -11.5691 0.9676 -34.0757 4.0872 0.0 2.814 VFID1414-NGC2541 1
14.5155 0.0189 15.2525 0.0252 9.1818 0.0223 2.5407 0.0738 1.0849 0.0398 0.8504 0.0137 18.655 4.7597 -11.2453 13.4621 0.0 1.2694 VFID1424-SBS1445+491 1
33.756 0.4152 35.9021 0.2536 8.0778 1.4371 63.8078 91.4877 2.8003 1.3711 0.4669 0.0567 -61.9104 5.421 -6.8406 18.391 0.0 1.1672 VFID1428-UGC06713 1
109.9737 0.0158 110.4963 0.0082 7.2092 0.0094 6.0735 0.0807 1.526 0.018 0.6063 0.0041 84.8662 0.542 -18.5126 1.5818 0.0 1.2429 VFID1432-NGC5689 1
81.205 0.0114 81.1229 0.0145 3.6363 0.0025 12.3623 0.0448 1.09 0.0045 0.7655 0.0016 -23.7795 0.3677 -145.8981 9.7236 0.0 15.2794 VFID1433-NGC3893 1
42.0103 0.0034 42.2915 0.0038 5.8317 0.0015 3.2067 0.0079 0.9965 0.0031 0.9342 0.0017 11.1556 1.1683 80.1742 5.204 0.0 1.96 VFID1436-NGC3928 1
42.0077 0.0619 42.6798 0.0485 8.9379 0.0265 4.123 0.155 0.8239 0.0373 0.7525 0.0172 -54.6886 4.0371 -3.5654 5.2252 0.0 1.4904 VFID1438-NGC3896 1
20.5424 0.0386 20.9565 0.03 8.1691 0.0138 5.4242 0.0949 0.8197 0.0215 0.536 0.0055 -55.097 0.8232 2.4081 12.2363 0.0 1.4346 VFID1440-NGC5682 1
47.2116 0.0471 48.0179 0.065 7.2626 0.0236 11.9461 0.3062 1.3414 0.0262 0.7373 0.0096 3.7536 1.9223 4.3689 5.4016 0.0 1.3891 VFID1449-NGC5693 1
29.9546 0.0264 29.4342 0.0284 8.2537 0.0095 4.601 0.0626 0.7148 0.016 0.5563 0.0051 43.9527 0.7534 -1.7682 5.9035 0.0 1.2487 VFID1453-NGC5700 1
44.2621 0.1035 41.2327 0.0718 7.3212 0.0104 9.8545 0.1502 0.6055 0.0165 0.696 0.0082 80.4911 1.4722 23.3163 5.8434 0.0 1.6519 VFID1461-NGC3906 1
35.6099 0.026 35.3766 0.0173 6.4531 0.0038 6.3638 0.0363 0.5939 0.0066 0.668 0.003 78.3214 0.5056 11.5978 8.8701 0.0 4.542 VFID1471-NGC3985 1
32.3858 0.0261 32.6905 0.0346 7.5236 0.0067 5.1292 0.0527 0.4897 0.0099 0.664 0.0063 -37.2994 0.95 -14.3809 8.788 0.0 1.9746 VFID1488-NGC4218 1
100.1576 0.0172 100.7005 0.0179 5.8811 0.0021 11.0533 0.0313 0.5196 0.0034 0.2688 0.0007 -43.8465 0.0614 32.0151 2.247 0.0 1.8536 VFID1502-NGC4220 1
34.2003 7.9302 34.9289 2.3184 12.949 2.5831 3.0939 7.047 0.2098 3.4495 0.2727 0.8259 85.9804 71.0551 939.3168 54.2142 0.0 122.3677 VFID1503-NGC3769A 1
67.2126 0.0185 68.455 0.0133 4.3851 0.0018 10.868 0.0264 0.4812 0.0027 0.527 0.0011 -55.2935 0.1401 25.9563 8.4842 0.0 16.8786 VFID1507-NGC3949 1
161.6615 0.0128 162.8518 0.0193 4.3253 0.0014 22.482 0.024 0.3117 0.0013 0.216 0.0003 33.8707 0.0268 -5.684 2.2473 0.0 5.1145 VFID1533-NGC3877 1
169.7464 0.0061 170.9917 0.0196 4.1326 0.0021 23.9909 0.0695 1.176 0.0032 0.2772 0.0004 17.2867 0.0452 -30.6095 1.7892 0.0 2.9022 VFID1534-NGC4096 1
93.9482 0.0331 92.355 0.0157 5.7575 0.0036 17.4382 0.089 0.9067 0.0057 0.1629 0.0005 64.4732 0.0502 -18.3193 2.8225 0.0 2.1052 VFID1549-NGC4010 1
58.5312 0.3535 57.5796 0.162 9.3498 0.04 7.7841 0.4364 0.4713 0.0602 0.4358 0.0219 -79.8371 2.3663 19.2529 3.9581 0.0 1.4902 VFID1567-UGC05451 1
100.0868 0.02 99.8517 0.0182 7.7104 0.0152 5.455 0.114 1.4758 0.0266 0.7436 0.0079 -85.2846 1.5096 23.1699 1.8887 0.0 1.2632 VFID1568-NGC4346 1
50.3257 0.2865 51.8468 0.0809 8.9857 0.039 11.3254 0.6158 0.842 0.059 0.2676 0.0087 -73.4075 0.9606 13.9864 3.716 0.0 1.2949 VFID1573-IC4263 1
45.9433 0.0302 46.0418 0.0189 7.5888 0.0116 5.913 0.0925 1.0955 0.0164 0.6223 0.0053 -78.2001 0.843 -26.7102 4.6207 0.0 1.2674 VFID1590-NGC5169 1
60.7885 0.0391 60.8289 0.048 8.2889 0.0305 6.1253 0.254 1.5038 0.0515 0.8933 0.0187 13.8146 7.8283 -10.958 3.1019 0.0 1.2015 VFID1591-NGC5198 1
33.1086 0.0155 33.1598 0.0139 7.8066 0.0115 3.5973 0.0568 1.2246 0.0186 0.9018 0.0077 73.7742 3.7927 15.9728 6.4716 0.0 1.3637 VFID1595-NGC5173 1
42.1016 0.0333 41.7754 0.0641 7.2274 0.0072 8.6997 0.0882 0.5878 0.0116 0.5256 0.0042 -1.7046 0.5325 -15.6937 5.0881 0.0 1.3308 VFID1605-NGC3782 1
28.002 0.0794 27.5731 0.0909 9.3386 0.0565 3.6816 0.2611 0.8896 0.0851 0.5492 0.0234 -37.9176 3.3737 47.0832 13.5448 0.0 4.8772 VFID1607-MCG+08-25-006 1
52.5909 0.0512 49.2827 0.102 7.4576 0.0164 10.5382 0.2311 0.8723 0.0234 0.5031 0.0059 -5.8495 0.8839 27.924 5.0465 0.0 1.611 VFID1628-NGC4288 1
26.2066 0.0207 26.2626 0.0212 8.8452 0.0209 2.4408 0.0664 1.0933 0.0336 0.9393 0.0179 -11.3848 11.7037 4.4025 8.7972 0.0 1.7241 VFID1630-CGCG246-005 1
46.9981 0.0115 49.2666 0.0127 7.6102 0.0155 5.4328 0.1159 1.4805 0.0275 0.6091 0.0065 42.4872 0.9079 68.6063 5.1349 0.0 1.3281 VFID1656-UGC04393 1
23.1093 0.2049 21.8953 0.2774 9.945 0.0635 3.9234 0.3085 0.3671 0.0754 0.7516 0.0603 13.3529 10.7194 60.501 14.7395 0.0 2.5542 VFID1668-CGCG246-015 1
86.5342 0.0961 89.9376 0.5762 8.4729 0.0432 18.4809 1.0693 0.7626 0.0681 0.1689 0.0065 -5.4324 0.6544 9.1799 3.1061 0.0 1.5634 VFID1672-IC2233 1
21.6329 0.1354 21.8429 0.2538 11.1294 0.0852 3.257 0.3692 0.5826 0.1339 0.4957 0.038 5.3757 5.6322 -24.1705 8.6727 0.0 1.1946 VFID1675-MCG+08-25-008 1
17.3864 0.0249 16.5513 0.0244 9.1571 0.0215 3.1173 0.0893 0.9781 0.0342 0.707 0.0117 18.488 2.3112 -20.1606 11.6646 0.0 1.2051 VFID1686-SBS1428+457 1
31.9926 0.2986 32.3155 0.1171 10.2047 0.045 5.9952 0.3686 0.4752 0.0694 0.3802 0.0213 -81.0855 2.099 -6.0525 5.3296 0.0 1.1353 VFID1732-UGC09251 1
27.7736 0.0307 28.6376 0.0441 9.1552 0.0211 3.2032 0.0949 0.8356 0.0286 0.6374 0.0109 -12.3075 1.9413 54.6149 7.0788 0.0 1.2944 VFID1748-UGC08603 1
14.3472 0.1012 24.6871 0.133 9.5839 0.7938 13.2686 12.592 3.1053 1.2547 0.6685 0.0965 -39.6743 11.7324 21.415 21.637 0.0 1.2289 VFID1776-GALEXASCJ115514.27+440903.4 1
163.1887 0.024 162.893 0.0248 4.2321 0.0017 17.0784 0.0406 0.471 0.0021 0.9658 0.0021 42.6099 2.6165 -40.4011 2.0167 0.0 3.2733 VFID1778-NGC3938 1
146.5961 0.0268 147.7758 0.0126 4.5839 0.0012 23.8699 0.0378 0.5879 0.0022 0.1026 0.0001 64.6938 0.012 13.004 1.9392 0.0 2.5661 VFID1788-NGC4013 1
26.2516 0.3245 28.7911 0.5085 10.7239 0.078 5.9621 0.5453 0.3612 0.0845 0.6241 0.0581 -5.1513 7.7169 -16.4767 5.4715 0.0 1.1296 VFID1795-UGC08798 1
129.2262 0.013 129.0691 0.0558 6.6278 0.0095 17.1468 0.2171 1.2237 0.014 0.2193 0.0014 -13.2773 0.1435 -0.2845 1.6179 0.0 1.3175 VFID1805-NGC4183 1
85.6773 0.0116 86.281 0.0185 5.6799 0.0021 8.5654 0.0279 0.5537 0.004 0.6362 0.0017 -29.185 0.2526 -6.932 2.9737 0.0 1.8808 VFID1806-NGC4138 1
36.3075 0.1923 37.3981 0.1759 9.0015 0.5705 21.8047 13.3124 2.3856 0.6963 0.5409 0.0585 -40.7741 6.5053 32.5538 11.4417 0.0 1.1696 VFID1819-UGC07271 1
59.4083 0.0047 60.2223 0.0033 5.0561 0.0015 3.5226 0.006 0.8265 0.0032 0.8012 0.0012 72.8766 0.274 80.9016 4.4089 0.0 2.4805 VFID1831-NGC5145 1
53.6847 0.0058 53.7145 0.0067 6.6399 0.0044 4.157 0.0274 1.2753 0.009 0.7004 0.0027 -30.0183 0.4777 55.871 4.0535 0.0 1.4219 VFID1855-NGC4111 1
61.1381 0.0201 61.477 0.0079 7.0096 0.0056 6.4397 0.0508 1.0134 0.009 0.4187 0.0018 -88.7989 0.2219 12.6472 3.1955 0.0 1.5973 VFID1881-NGC5730 1
64.4679 0.0053 64.1966 0.0061 3.9425 0.0017 5.8875 0.01 0.8694 0.0037 0.5061 0.0008 40.4835 0.0846 103.7471 8.3798 0.0 7.4086 VFID1886-IC0750 1
80.1932 0.0096 80.4046 0.0097 7.0723 0.0095 4.3826 0.0578 1.4068 0.0165 0.8425 0.0056 -28.7722 1.7275 -0.2351 3.0589 0.0 1.6242 VFID1901-NGC4143 1
47.0284 0.0341 46.8542 0.0564 8.9854 0.0457 5.8609 0.3653 1.5769 0.079 0.551 0.0171 29.9226 2.0086 -2.689 4.1173 0.0 1.1946 VFID1916-UGC08313 1
73.2885 0.0045 73.324 0.0051 4.3891 0.0024 2.8002 0.0065 1.1244 0.0059 0.8764 0.0019 1.2836 0.5851 85.2181 5.6626 0.0 3.4454 VFID1935-NGC2798 1
86.289 0.0055 60.3239 0.0063 4.3924 0.0029 2.7962 0.008 1.1134 0.0071 0.8764 0.0023 1.2658 0.7186 168.9588 9.7449 0.0 5.1964 VFID1936-NGC2799 1
48.9845 0.824 48.6118 0.2627 10.5328 0.0892 8.6943 1.0853 0.5003 0.1202 0.2816 0.0305 -72.4708 2.8478 2.1437 3.8393 0.0 1.183 VFID1940-UGC08365 1
28.2868 0.103 28.5186 0.13 9.2267 0.0379 5.2525 0.2732 0.6947 0.0589 0.6455 0.0216 -37.2004 4.07 -1.5352 9.3897 0.0 1.2617 VFID1941-UGC04904 1
35.2334 0.0101 35.2664 0.0062 7.0599 0.0046 3.6883 0.0223 0.8709 0.0065 0.6679 0.0024 63.8438 0.4423 51.8105 6.3857 0.0 1.453 VFID1952-UGC07129 1
22.0973 0.0179 27.8435 0.0219 8.6513 0.025 2.9029 0.0877 1.1826 0.0402 0.7671 0.0121 42.6578 2.8434 -0.8899 10.8941 0.0 1.5099 VFID1954-UGC04556 1
70.5314 0.0255 71.4337 0.0112 7.2465 0.0086 8.5662 0.0993 1.1965 0.0129 0.4334 0.0025 -83.5596 0.2968 0.1664 2.2737 0.0 1.4306 VFID1979-NGC5289 1
54.6934 0.0211 55.6812 0.0372 6.288 0.0032 10.0159 0.0476 0.4988 0.0048 0.5679 0.0023 13.0234 0.3008 4.4526 3.8973 0.0 1.4775 VFID1990-NGC5320 1
44.1297 0.0283 42.7833 0.0294 6.2301 0.0054 7.0843 0.0546 0.7463 0.0079 0.9372 0.0052 14.1299 3.9849 10.1606 7.9749 0.0 2.6701 VFID2001-NGC4625 1
29.9407 0.1358 30.7681 0.1045 8.3519 0.0278 6.6181 0.2503 0.7433 0.0436 0.8148 0.0194 -69.3626 5.935 -6.547 10.1002 0.0 1.3408 VFID2016-UGC05187 1
28.3357 0.2125 29.0602 0.6203 10.1184 0.1958 10.4944 2.3606 1.2146 0.2496 0.3537 0.0377 -17.2959 4.5017 24.2298 9.1217 0.0 1.1831 VFID2069-UGC08721 1
24.5762 0.0737 25.3727 0.0985 9.7735 0.4452 7.8878 4.1908 2.7204 0.7474 0.9432 0.1091 27.8994 67.6005 85.6039 14.7274 0.0 1.1148 VFID2077-CGCG218-060 1
33.544 0.0954 34.3302 0.1178 10.5144 0.1084 3.8126 0.5371 1.0607 0.1631 0.615 0.0493 -37.3698 7.4306 -96.5544 5.8294 0.0 1.304 VFID2078-NGC5358 1
20.076 0.0085 19.8401 0.0112 8.2448 0.0107 2.24 0.0343 1.1165 0.0203 0.8703 0.0088 31.4648 3.1514 149.1672 12.0488 0.0 1.5577 VFID2081-MRK0462 1
48.4194 0.4316 46.7178 0.2366 9.9231 0.0505 7.742 0.5762 0.5158 0.0778 0.5357 0.0333 76.6925 4.1869 38.1135 3.4572 0.0 1.1331 VFID2098-UGC06455 1
138.1406 0.083 137.5809 0.0565 5.8438 0.0112 21.2808 0.3206 1.2117 0.0159 0.6728 0.0054 85.4321 0.9181 18.068 1.985 0.0 1.8878 VFID2115-NGC4145 1
36.1384 0.0404 36.595 0.0334 8.9194 0.0361 4.2363 0.1989 1.3652 0.0598 0.8369 0.0203 58.9838 5.8623 -67.818 5.5523 0.0 1.1217 VFID2116-NGC3648 1
14.9966 0.4494 19.0624 0.2131 10.1327 0.0667 7.6526 0.4502 0.2988 0.0653 0.381 0.0247 -89.0364 2.788 -26.356 12.9257 0.0 1.1832 VFID2122-UGC07678 1
15.3611 0.2041 15.5533 0.3316 11.32 0.1206 3.0445 0.498 0.4908 0.1723 0.5325 0.0723 31.4714 9.7701 31.0756 17.6437 0.0 1.3864 VFID2126-KUG1010+400 1
66.8382 0.0608 66.9556 0.0818 8.7683 0.0777 8.6218 0.9265 1.7586 0.1408 0.531 0.0232 -4.5738 3.0877 -13.4492 3.8926 0.0 1.5657 VFID2129-UGC06792 1
25.999 0.2226 26.1793 0.17 9.664 0.0489 5.9881 0.2576 0.3187 0.0451 0.6191 0.0277 -65.165 4.4399 -19.1634 10.1085 0.0 1.2101 VFID2131-KUG1154+400 1
42.3502 0.0114 42.2893 0.019 7.133 0.0104 5.4709 0.0774 1.2706 0.0171 0.618 0.0047 -22.739 0.6902 -20.9731 6.5007 0.0 2.034 VFID2142-IC4336 1
48.1985 0.092 48.7288 0.1462 8.1991 0.0167 9.0573 0.2255 0.5119 0.0258 0.5522 0.0115 -33.2789 1.4552 13.4482 4.831 0.0 1.5278 VFID2155-NGC5346 1
40.6129 0.4735 41.9795 0.9157 8.7686 0.168 4.4765 1.0258 0.3898 0.2146 0.5065 0.1155 -7.7341 12.626 1320.3823 75.9052 0.0 210.3697 VFID2162-UGC08736 1
87.1517 0.0059 87.0865 0.0065 2.7643 0.0187 0.9852 0.0309 5.643 0.1205 0.9696 0.0029 40.2824 2.7333 -4.6573 5.819 0.0 6.832 VFID2171-NGC4151 1
93.345 2.0238 103.3658 1.8983 8.7518 0.2559 74.099 10.7686 0.045 0.026 0.0797 0.0043 -46.7686 0.2506 38.7961 1.9908 1.0 1.3464 VFID2192-UGC04704 1
88.9043 0.0729 90.7041 0.0331 6.2423 0.0089 17.8596 0.2115 0.9846 0.0129 0.4352 0.0026 -64.9114 0.359 -15.5055 2.7181 0.0 1.7806 VFID2227-NGC5112 1
13.887 0.4769 11.2166 0.3471 10.0532 0.0694 10.6886 0.5404 0.1411 0.0408 0.2391 0.0144 52.9849 1.0404 -1.5336 21.0037 0.0 1.1899 VFID2230-UGC08793 1
24.3382 0.0911 25.0601 0.1332 10.4195 0.0743 2.4335 0.2221 0.7237 0.0882 0.7848 0.056 -23.8024 12.3515 40.2332 10.5599 0.0 1.3168 VFID2259-KUG1127+385 1
158.2966 2.3789 148.5992 0.377 9.3678 0.1366 30.4784 5.3172 0.8526 0.1896 0.1613 0.0168 -82.6678 1.7261 21.5697 1.4377 0.0 1.2576 VFID2268-UGC06955 1
39.0054 0.0204 38.9278 0.0185 7.9543 0.0164 3.0943 0.0775 1.4359 0.0382 0.8505 0.0124 45.5423 3.5993 -2.9935 7.1697 0.0 1.4552 VFID2271-UGC06433 1
79.7981 0.1776 81.1101 0.3152 7.3135 0.028 19.705 0.7504 0.8308 0.043 0.5491 0.0121 29.9324 1.8532 -11.259 3.661 0.0 1.5526 VFID2275-NGC3930 1
22.6824 0.043 23.4736 0.048 9.2842 0.0354 2.9465 0.1324 0.9174 0.0552 0.7995 0.0232 22.8737 6.1365 -7.9668 11.5693 0.0 1.3797 VFID2303-KUG1032+379B 1
93.2948 0.0162 92.1606 0.01 4.5969 0.0016 13.3714 0.0171 0.3212 0.0014 0.4747 0.0007 -66.7834 0.088 6.074 4.2079 0.0 4.1038 VFID2315-NGC3294 1
60.2372 1.602 63.3782 0.231 9.8345 0.0948 17.6172 2.2212 0.5779 0.1502 0.1438 0.0146 84.2912 1.3671 5.7978 3.7281 0.0 1.3507 VFID2347-UGC07125 1
48.2831 0.0346 48.3384 0.0525 7.9479 0.0109 5.8319 0.0924 0.6386 0.0185 0.6355 0.0074 33.5509 1.1957 31.5929 4.5639 0.0 1.2746 VFID2357-UGC06517 1
41.4364 0.1442 40.907 0.2164 8.864 0.1633 13.5509 2.1354 1.6087 0.174 0.5779 0.0392 -36.758 4.9229 -7.4831 7.7015 0.0 1.2692 VFID2364-NGC5002 1
14.4457 0.0454 14.4363 0.0518 8.7812 0.0211 3.0927 0.084 0.6758 0.0319 0.895 0.0179 -10.3113 8.447 -46.8889 22.9335 0.0 1.3379 VFID2368-KUG1128+368 1
65.4391 0.017 64.6034 0.0068 4.474 0.0015 10.5969 0.0208 0.5215 0.0024 0.4014 0.0007 85.0897 0.0716 21.2692 7.5868 0.0 5.4219 VFID2374-NGC3813 1
87.6613 0.0707 88.2758 0.0413 7.2218 0.0117 12.3798 0.1989 0.9214 0.0183 0.3842 0.0034 -60.254 0.416 -1.4157 2.4502 0.0 1.2629 VFID2389-NGC3755 1
64.3605 0.0062 64.1572 0.0049 6.3633 0.0022 3.1914 0.0114 0.9413 0.0052 0.7926 0.0017 -77.2365 0.4762 35.5316 3.3411 0.0 1.5292 VFID2403-NGC5014 1
42.0222 0.1888 40.4357 0.3644 10.4864 0.0693 5.0764 0.4941 0.5431 0.1078 0.4901 0.0393 -0.5078 4.6873 -9.8577 4.4308 0.0 1.1775 VFID2422-UGC08731 1
25.4013 0.2807 25.8775 0.2381 12.4023 0.3002 2.0779 0.7565 0.7998 0.5952 0.351 0.1038 52.7365 10.1308 21.4947 9.7601 0.0 1.4548 VFID2433-KUG1128+362 1
74.3412 0.0367 75.5424 0.1727 8.3704 0.0226 12.0057 0.3773 0.8725 0.032 0.223 0.0043 -3.275 0.4477 1.5143 2.5503 0.0 1.1916 VFID2455-IC4213 1
39.0608 0.0789 38.8546 0.0766 10.1589 0.0679 2.7615 0.266 0.8758 0.0989 0.7991 0.0452 -55.5261 12.065 29.833 6.0319 0.0 1.3562 VFID2481-UGC06827 1
29.7653 0.0155 30.3837 0.0137 8.1291 0.0109 2.4511 0.0336 0.9118 0.0166 0.9357 0.0095 -58.585 6.5421 39.3085 7.9103 0.0 1.3263 VFID2484-NGC3694 1
26.4381 0.2755 28.6325 0.141 9.4831 0.1653 9.8087 1.5021 1.3828 0.1795 0.4925 0.0364 -77.9214 4.3791 41.5387 11.1636 0.0 1.2137 VFID2488-UGC08318 1
34.464 0.0058 33.9048 0.0073 6.9475 0.0046 2.3881 0.0172 1.2808 0.0132 0.9556 0.0041 22.6073 4.2618 36.0208 7.5182 0.0 1.7744 VFID2492-UGC06570 1
52.2849 0.0381 50.1274 0.0147 7.5631 0.0076 5.4848 0.0573 0.6458 0.013 0.3878 0.0031 87.381 0.3402 -27.2661 5.1411 0.0 1.488 VFID2493-UGC06526 1
25.254 0.0232 25.1201 0.0314 7.6482 0.009 4.617 0.0609 0.7333 0.0151 0.6803 0.0058 30.1657 1.1447 39.9259 11.475 0.0 1.3613 VFID2500-UGC05738 1
18.3836 0.0606 20.1159 0.1111 9.4696 0.0446 4.0398 0.2442 0.9059 0.0732 0.5613 0.021 8.9783 2.9902 -3.1464 15.0103 0.0 1.2805 VFID2505-MRK0426 1
33.27 0.0697 33.8221 0.0552 8.1922 0.0153 4.9214 0.1062 0.6485 0.0237 0.8521 0.0138 -77.7482 4.7501 84.7611 7.502 0.0 1.2869 VFID2521-UGC05870 1
31.4454 0.0109 28.6545 0.0127 8.3061 0.0208 3.2916 0.0945 1.6619 0.0514 0.8514 0.0125 41.2738 3.6261 27.6307 8.911 0.0 1.3751 VFID2533-UGC08323 1
60.1243 0.0232 61.0587 0.0158 6.2348 0.0075 8.7756 0.0876 1.2293 0.0113 0.6733 0.0035 75.3218 0.5934 -25.6506 4.6775 0.0 1.5753 VFID2546-NGC3381 1
33.7961 0.4769 35.9378 0.5293 9.5721 0.8143 19.5516 16.4507 1.9887 0.9294 0.49 0.0962 -35.8222 10.0098 -75.8142 11.6128 0.0 1.1846 VFID2550-UGC05004 1
96.3854 0.0196 96.225 0.019 7.3218 0.0156 5.3392 0.1113 1.4012 0.0247 0.9322 0.0094 4.7454 6.456 -26.8488 2.6482 0.0 1.3333 VFID2560-NGC2859 1
39.0072 0.0195 39.6783 0.0409 8.4447 0.0112 4.2782 0.068 0.6869 0.0202 0.4676 0.0053 15.5162 0.646 14.8134 5.2816 0.0 1.2856 VFID2562-UGC05990 1
131.3146 0.3823 136.732 0.2337 11.7784 0.195 3.3443 7.5032 0.0393 0.2216 0.5759 0.1122 -78.6701 10.1881 16.1627 1.8812 1.0 1.5772 VFID2563-UGC05829 1
56.5715 0.0883 59.0095 0.1039 7.876 0.0265 6.2982 0.2284 0.7938 0.0359 0.8677 0.0226 -30.2865 7.8696 20.2373 6.7275 0.0 2.5962 VFID2566-NGC2793 1
32.213 0.4151 32.0171 0.4434 10.4002 0.0941 6.8662 0.5587 0.2322 0.0662 0.3505 0.0329 -43.8111 2.909 27.613 7.8203 0.0 1.3329 VFID2571-UGC06512 1
48.3998 0.561 47.8205 0.7211 9.5328 0.1163 9.2236 1.4795 0.8295 0.165 0.7797 0.0826 4.4947 20.1703 -3.631 5.7903 0.0 1.2487 VFID2575-UGC05015 1
17.0262 0.0096 16.344 0.0109 6.4348 0.0032 3.4927 0.016 0.6727 0.0058 0.8926 0.003 24.5399 1.4164 216.9362 23.4072 0.0 2.225 VFID2593-NGC3442 1
40.3435 0.0116 41.4835 0.0067 5.2259 0.0015 6.6879 0.0136 0.4631 0.0023 0.5734 0.0011 -76.2925 0.1379 117.6744 8.7659 0.0 2.9324 VFID2619-NGC3021 1
30.4156 0.0288 30.5993 0.0559 8.3575 0.0129 4.4299 0.0746 0.526 0.0197 0.467 0.0068 -3.5853 0.772 9.2997 8.5859 0.0 1.3523 VFID2621-KUG1130+337 1
142.2907 0.0185 143.6822 0.0063 5.455 0.0062 15.8034 0.1386 1.6875 0.0114 0.3482 0.0013 79.9792 0.1371 -39.3625 1.9632 0.0 1.6536 VFID2628-NGC3003 1
16.9698 0.0222 17.7506 0.0268 7.1942 0.0102 4.0233 0.0517 0.6932 0.013 0.8284 0.0079 33.3927 2.2743 189.4546 30.6361 0.0 3.718 VFID2630-UGC06070 1
28.488 0.1275 29.0449 0.1053 9.5315 0.0533 5.2277 0.362 0.8888 0.0815 0.4173 0.0162 -48.6214 2.0707 -26.1486 8.6284 0.0 1.1956 VFID2637-UGC06561 1
27.5552 0.1448 29.2352 0.2488 9.6218 0.053 6.412 0.2276 0.1586 0.0316 0.5365 0.0234 16.5527 2.4684 15.5344 8.6618 0.0 1.2501 VFID2641-UGC05326 1
40.0088 0.3638 38.6912 0.4528 9.8938 0.0834 8.8156 0.5082 0.144 0.0464 0.4739 0.0316 -36.2702 3.3387 -19.6082 5.878 0.0 1.269 VFID2656-UGC05393 1
104.0597 0.0364 103.8444 0.0533 5.8706 0.0036 16.5476 0.0804 0.5091 0.0056 0.2584 0.0011 -34.3352 0.1037 -32.0382 2.6349 0.0 1.5302 VFID2659-NGC2770 1
53.3779 0.0769 52.3879 0.0294 8.3519 0.0133 6.1533 0.1143 0.6377 0.0222 0.3807 0.005 87.6315 0.5896 25.0749 3.9507 0.0 1.4049 VFID2661-UGC08630 1
120.5749 0.049 119.4231 0.0583 5.1592 0.0057 12.7021 0.103 0.5662 0.0092 0.5137 0.0033 39.0815 0.4148 67.5555 6.0728 0.0 13.4863 VFID2672-NGC3430 1
48.8779 2.2759 39.3845 0.4254 10.7272 0.1409 14.8364 2.6212 0.3588 0.1785 0.1557 0.0284 -79.1416 2.2499 10.1742 5.945 0.0 1.1743 VFID2680-UGC08181 1
20.9635 0.0403 21.1929 0.0277 9.0288 0.0235 2.4421 0.0799 0.8484 0.0333 0.9359 0.0178 44.644 15.6469 9.621 12.7927 0.0 1.2619 VFID2681-MRK0408 1
35.4136 0.1301 34.5735 0.1784 8.6515 0.0273 6.8979 0.2798 0.5648 0.0422 0.7374 0.0242 26.793 4.6875 1.0728 7.4907 0.0 1.2771 VFID2690-IC2604 1
24.0683 0.0405 23.6508 0.0218 8.332 0.0217 5.3587 0.1592 1.1943 0.0352 0.4821 0.0078 -57.3526 0.958 65.8547 10.9141 0.0 1.3763 VFID2692-IC2608 1
31.053 0.0099 32.1629 0.0109 7.0781 0.0103 4.1631 0.0607 1.4531 0.0181 0.7331 0.0055 -37.4742 1.0202 23.8582 10.1081 0.0 1.9068 VFID2704-UGC06545 1
59.8394 0.0112 62.1349 0.0056 4.6756 0.0016 6.8398 0.0132 0.5265 0.0025 0.4866 0.0008 -81.3818 0.0991 62.7871 8.3024 0.0 5.3003 VFID2723-NGC3067 1
25.5326 0.031 24.7444 0.0315 8.4511 0.02 3.1586 0.0853 0.9391 0.0304 0.9368 0.0145 37.9884 12.6256 24.5665 11.4598 0.0 1.3499 VFID2734-NGC3011 1
195.9041 0.0263 194.4113 0.0172 7.0512 0.0047 5.221 0.0365 0.5943 0.0087 0.6675 0.0037 -86.217 0.6012 18.549 1.1615 0.0 1.452 VFID2737-NGC4656 1
20.6767 0.0165 21.0503 0.0271 8.6547 0.0284 3.3078 0.1342 1.4246 0.0567 0.8024 0.0142 21.4783 4.0035 -27.9148 13.7583 0.0 1.3421 VFID2746-NGC4509 1
31.9132 0.2244 31.5234 0.1482 9.4043 0.0375 6.8003 0.3559 0.5449 0.0607 0.3635 0.0156 -56.3178 1.612 58.9066 7.1725 0.0 1.2995 VFID2757-UGC06658 1
26.0479 0.1098 25.9531 0.1175 9.9438 0.1451 4.6697 0.9005 1.6391 0.2623 0.8967 0.083 -33.9905 34.836 30.1317 11.6491 0.0 1.2266 VFID2760-NGC2970 1
60.2699 0.0316 62.3787 0.0993 6.2142 0.0102 9.7581 0.0988 0.3291 0.0106 0.2932 0.0032 -8.165 0.2994 205.8866 15.4845 0.0 19.7314 VFID2762-NGC3788 1
52.3604 0.0718 30.872 0.1042 10.3358 0.0922 2.7424 0.3242 1.0419 0.1469 0.777 0.0555 37.872 13.8888 -10.0055 6.0251 0.0 1.3168 VFID2765-UGC05934 1
87.6545 0.0181 87.8802 0.0139 4.3453 0.0021 8.9694 0.021 0.4412 0.0033 0.7296 0.0016 -82.9611 0.2832 -24.3207 6.7414 0.0 6.805 VFID2774-NGC2964 1
23.0092 0.0904 23.7085 0.1537 9.359 0.0356 4.9465 0.2376 0.5945 0.0611 0.5291 0.0197 31.4035 2.6155 39.5305 11.3631 0.0 1.2391 VFID2777-IC2445 1
50.1452 1.0474 55.7865 0.6787 9.7622 0.1053 11.5332 0.9513 0.2517 0.0752 0.5932 0.0561 85.1902 7.3538 -3.4833 4.0273 0.0 1.2344 VFID2798-UGC06900 1
24.3586 0.3747 23.6959 0.7726 10.8489 0.1415 10.1908 0.6893 0.0746 0.0571 0.2198 0.0193 -25.8978 1.6649 18.8923 8.6804 0.0 1.2219 VFID2804-UGC06684 1
26.1336 0.1594 27.5729 0.219 9.8305 0.0586 6.052 0.4897 0.7238 0.0876 0.4385 0.0233 35.9299 2.8545 -5.343 8.6048 0.0 1.2049 VFID2820-KUG1157+315 1
55.9226 0.0877 55.4497 0.0736 8.8618 0.0863 6.7622 0.8272 1.7495 0.1607 0.8064 0.0451 -47.5439 10.4972 29.5948 5.4304 0.0 1.3164 VFID2842-NGC2679 1
58.5748 0.0269 56.1206 0.0722 7.011 0.0063 10.5252 0.0779 0.3595 0.0073 0.3569 0.0027 15.8186 0.2577 1.5909 4.5204 0.0 1.456 VFID2875-NGC4020 1
61.2718 0.0923 60.2251 0.0586 7.1235 0.0085 11.2478 0.1411 0.5297 0.0136 0.5773 0.0059 57.8454 0.8311 6.5109 3.8431 0.0 1.3061 VFID2883-NGC4525 1
47.1055 0.4409 48.6688 0.3405 9.1348 0.3623 18.9364 7.0581 1.7645 0.4019 0.4717 0.0571 52.5797 6.0193 24.8173 7.3759 0.0 1.2476 VFID2891-UGC05478 1
29.1415 0.1583 29.351 0.1498 10.5485 0.0864 2.7225 0.3126 0.7672 0.1071 0.9357 0.0759 -86.9253 57.1901 53.8609 7.9599 0.0 1.3266 VFID2897-NGC4308 1
71.2663 0.1168 73.1234 0.1063 6.1176 0.0067 15.7644 0.1495 0.4746 0.0086 0.9149 0.0079 -69.1162 4.0657 -48.0841 4.1505 0.0 1.6419 VFID2905-NGC4136 1
110.5447 0.0052 111.8712 0.0059 6.13 0.0019 3.6049 0.0108 0.6242 0.0034 0.8736 0.0021 -28.9156 0.7535 58.7281 2.214 0.0 1.526 VFID2911-NGC4314 1
52.3 55.9359 49.1186 37.4642 6.8041 4.1031 2751.7122 10401.1875 2.2245 2.1021 0.0017 0.0048 -56.1829 0.1775 9.6426 5.3235 1.0 1.2251 VFID2927-UGC07673 1
33.0026 0.0976 32.4655 0.1283 8.3621 0.0205 6.8527 0.2124 0.6328 0.0334 0.7212 0.0166 -18.4588 3.1951 -12.6564 7.8363 0.0 1.2832 VFID2961-NGC4286 1
43.2746 0.011 43.089 0.0125 6.3931 0.006 2.9221 0.0253 0.8485 0.0095 0.9416 0.0055 -75.8831 4.7425 112.464 14.113 0.0 6.9919 VFID2970-NGC3032 1
68.809 0.4405 71.1319 0.9493 11.2155 0.105 9.0441 0.0252 0.0123 0.0421 0.242 0.0876 -37.0495 6.7498 192.0978 13.0943 1.0 23.2107 VFID2974-NGC4173 1
57.7647 0.0077 57.2243 0.0163 6.7225 0.0033 5.2307 0.0247 0.5866 0.0056 0.4664 0.0017 -22.5346 0.2035 51.5747 4.3352 0.0 1.5156 VFID2975-NGC4310 1
22.8012 0.0552 23.6629 0.0603 9.3972 0.0486 2.9706 0.2027 1.1534 0.0894 0.7922 0.0282 7.7497 7.5231 33.1285 12.9998 0.0 1.3455 VFID2980-KUG0933+293 1
20.162 0.0345 20.0916 0.031 8.6146 0.0201 2.9577 0.0747 0.8712 0.0282 0.8633 0.0131 77.4786 5.5286 44.0431 13.6509 0.0 1.3746 VFID2996-UGCA201 1
29.5493 0.0066 28.7363 0.0058 6.4432 0.0046 2.6013 0.0151 1.2173 0.0107 0.9602 0.004 72.1204 4.3948 81.83 11.6366 0.0 2.0983 VFID3006-NGC3265 1
43.821 0.9304 43.7232 1.3364 13.4074 105.2949 20.1339 6254.2188 18.6831 2052.3755 0.8101 3.7676 89.6093 892.7476 25.2093 6.0257 1.0 1.4525 VFID3013-UGC07300 1
65.2734 0.1367 66.3283 0.0485 7.6062 0.0145 10.8483 0.2281 0.6751 0.0246 0.3467 0.0052 84.0599 0.5471 -2.4176 4.0657 0.0 1.3722 VFID3035-NGC3026 1
47.132 0.0618 47.534 0.1196 8.0187 0.0224 10.3132 0.3138 0.8719 0.0327 0.4343 0.0072 -25.7919 0.9648 -58.3735 5.0549 0.0 1.2572 VFID3065-NGC5117 1
70.6665 0.0214 71.0518 0.0152 7.2116 0.0105 5.8637 0.0838 1.2688 0.0171 0.69 0.0054 -82.2262 0.9183 22.8716 3.211 0.0 1.2955 VFID3073-NGC4251 1
47.9819 0.0283 46.491 0.0137 7.6459 0.0086 4.3658 0.0499 0.7075 0.0119 0.5525 0.0044 74.9454 0.6034 1.007 5.4856 0.0 1.2899 VFID3106-IC2361 1
28.8234 0.5477 33.5481 0.2153 10.3722 0.2177 8.6384 2.5349 1.3591 0.3504 0.4162 0.064 -73.598 6.8928 -3.5998 8.2794 0.0 1.2792 VFID3120-PGC10046387GROUP 1
87.6627 0.4438 89.4669 0.8441 8.086 0.0448 22.0596 1.4205 0.662 0.0695 0.5118 0.0241 21.3755 3.2453 22.9658 2.9291 0.0 1.3007 VFID3139-NGC4393 1
26.7756 0.007 27.1848 0.0091 5.5919 0.0024 3.8978 0.0123 0.6141 0.0042 0.6953 0.0019 5.9408 0.3111 252.0354 17.9612 0.0 3.94 VFID3160-IC2520 1
30.8987 0.0123 30.0174 0.0097 6.762 0.0041 3.9009 0.023 0.8029 0.0075 0.7824 0.0029 71.1631 0.7709 15.7951 9.22 0.0 1.7567 VFID3167-NGC4670 1
57.3123 0.2344 59.7576 0.1625 8.6051 0.039 9.9429 0.5365 0.7714 0.0575 0.5024 0.0162 54.6889 2.2895 2.4345 4.2124 0.0 1.3184 VFID3249-NGC4562 1
66.119 0.0124 57.1584 0.0212 6.2459 0.0092 8.6101 0.1111 1.3966 0.0152 0.4553 0.0029 29.1977 0.332 3.5002 6.1611 0.0 3.5908 VFID3256-NGC4747 1
37.3459 0.0105 37.6279 0.0067 6.4581 0.0026 4.8825 0.0191 0.6914 0.0045 0.6035 0.0017 -64.8347 0.2482 7.1865 6.08 0.0 1.5461 VFID3287-UGC10721 1
26.4214 0.4495 26.8443 0.4872 11.7655 6966.1675 5.7198 18349.4414 0.0072 0.0268 0.8384 0.1184 -31.4347 34.4306 43.0711 9.8988 1.0 1.2788 VFID3345-UGC08249 1
70.2665 0.0746 70.4586 0.0383 8.4095 0.0369 6.0574 0.2933 1.2597 0.059 0.5307 0.0137 87.503 1.7393 0.9539 3.8832 0.0 1.3925 VFID3360-NGC3098 1
53.5068 1.1333 44.9743 2.3749 10.6117 2277.343 37.3129 39132.1445 0.0337 0.0078 0.058 0.0056 25.4251 0.3704 46.9687 4.8592 1.0 1.3223 VFID3410-UGC06782 1
48.382 0.1137 51.5929 0.3392 8.5293 0.0435 13.0261 0.7741 0.8511 0.0642 0.3295 0.011 15.5176 1.3378 5.3184 5.5361 0.0 1.2938 VFID3474-NGC4455 1
30.8185 0.4278 31.6958 0.1182 10.0257 0.0995 8.1512 1.0731 0.8912 0.1271 0.2953 0.0206 -86.9774 2.5011 -23.6659 7.7282 0.0 1.2443 VFID3509-UGC05574 1
26.9216 0.0705 28.0383 0.1231 9.7144 0.0744 4.1409 0.4091 1.125 0.1128 0.535 0.0298 20.6978 3.8527 -12.7081 11.0082 0.0 1.2949 VFID3511-KUG0815+225 1
27.3193 0.315 28.5125 0.2925 10.6798 0.0887 3.851 0.512 0.4695 0.1528 0.7649 0.0949 41.7551 18.9374 -22.5445 9.1372 0.0 1.2579 VFID3565-MCG+04-25-050 1
53.0767 0.0171 57.3971 0.0483 6.1427 0.0039 10.5946 0.052 0.3691 0.0047 0.3563 0.0018 13.9761 0.1678 16.9318 6.4985 0.0 2.2062 VFID3567-NGC3287 1
30.2798 0.5037 30.1074 0.3627 10.9393 0.1581 5.7013 0.538 0.1143 0.0881 0.4323 0.0499 55.7766 5.1035 -2.7815 9.0125 0.0 1.3576 VFID3571-UGC05805 1
23.8697 0.1776 24.7559 0.332 10.3667 0.058 5.1828 0.4239 0.4176 0.0826 0.3303 0.0246 -28.4672 2.5671 -23.9775 11.3226 0.0 1.3953 VFID3575-2MFGC10495 1
48.099 0.0067 47.6261 0.0053 5.7981 0.0047 5.4476 0.0407 1.5894 0.0113 0.6216 0.0023 47.8094 0.3216 17.0125 8.1294 0.0 3.5573 VFID3577-NGC6186 1
37.8432 0.036 37.4046 0.0367 9.121 0.0581 3.7142 0.2901 1.6428 0.1151 0.9377 0.039 19.5679 24.158 17.0456 6.5077 0.0 1.2177 VFID3732-NGC6149 1
47.4557 0.0178 47.2849 0.0233 8.231 0.0136 2.9094 0.0521 0.8974 0.0188 0.9785 0.0112 56.1015 25.3723 57.7722 5.0597 0.0 1.3571 VFID3750-NGC4336 1
97.3937 0.0037 97.011 0.007 5.8025 0.0018 4.2877 0.0112 0.8438 0.0047 0.5733 0.0012 -15.41 0.1484 -2.9905 2.6912 0.0 1.5027 VFID3823-NGC4064 1
32.467 0.0864 33.2298 0.0604 9.847 0.0533 2.6907 0.1723 0.7963 0.0782 0.8957 0.0424 53.074 19.3765 -19.4962 7.5968 0.0 1.2589 VFID3848-IC3473 1
12.8726 0.0195 13.1057 0.0181 8.908 0.0171 2.2543 0.0517 0.8683 0.0222 0.8319 0.0114 15.0337 3.708 46.1891 19.8038 0.0 1.272 VFID3905-MRK0886 1
32.118 0.0619 35.6784 2.2536 11.6588 6.3802 40.3322 535.5413 9.4143 73.0075 0.0255 0.0226 3.3078 1.4654 37.4277 8.0842 1.0 1.2981 VFID3913-UGC07346 1
30.5886 0.1709 30.3951 0.2178 10.9547 0.139 2.8472 0.4889 0.7656 0.1655 0.7875 0.0921 -14.0569 22.3262 4.0016 7.8672 0.0 1.2672 VFID3920-CGCG098-132 1
29.6323 0.0506 30.1034 0.0587 8.654 0.0385 4.5727 0.2349 1.2781 0.063 0.8987 0.0247 1.7566 11.4354 -42.848 9.6168 0.0 1.2106 VFID3926-NGC3457 1
41.1291 0.0236 41.9186 0.0226 7.4723 0.007 4.2787 0.0348 0.3903 0.0072 0.9157 0.0077 48.6061 3.7624 46.9444 6.3452 0.0 1.3679 VFID3932-NGC4344 1
20.1526 0.0119 20.3564 0.019 7.9078 0.0061 3.4111 0.0299 0.6841 0.01 0.622 0.0038 -5.0745 0.6121 41.4302 11.0105 0.0 1.4206 VFID4025-UGC10086 1
75.5204 0.0078 75.1559 0.0052 4.4768 0.0011 8.3957 0.0142 0.7087 0.0024 0.6695 0.0008 -60.9999 0.1387 7.9643 4.1611 0.0 6.2808 VFID4029-NGC5962 1
27.0149 0.165 27.6252 0.2793 12.2327 0.1613 2.1724 0.3663 0.065 0.2191 0.5343 0.0979 -27.9574 11.9754 -13.5925 9.1181 0.0 1.3855 VFID4033-2MASXJ13012967+1634220 1
44.0924 0.012 44.4087 0.0104 7.8519 0.0091 2.6771 0.0331 1.0753 0.016 0.8765 0.0069 -25.5165 2.6566 -17.5464 5.2076 0.0 1.2758 VFID4058-IC0796 1
20.1125 0.0215 19.4792 0.0172 7.3585 0.0055 3.5018 0.0285 0.555 0.0083 0.7867 0.005 -85.5783 1.2853 90.9699 16.2229 0.0 1.9302 VFID4095-KUG1201+163 1
41.3141 0.0115 41.3948 0.0143 5.2096 0.0038 7.0449 0.0383 0.9723 0.0071 0.7668 0.0025 -20.6419 0.5646 -41.6742 13.3949 0.0 4.5649 VFID4097-NGC4152 1
33.5479 0.0271 31.0092 0.1042 10.5062 0.0379 16.5685 0.005 0.0196 0.0052 0.2795 0.0215 4.9656 1.3575 57.7238 7.2441 1.0 1.2437 VFID4136-VCC1334 1
47.7071 0.0674 30.8667 0.0805 11.0362 0.0182 12.6688 0.0031 0.0185 0.0048 0.2771 0.0128 50.0947 0.8842 -42.6639 3.8103 1.0 1.0718 VFID4165-UGC09951 1
92.1565 0.0122 91.472 0.0465 6.8249 0.0041 12.481 0.0709 0.6448 0.0065 0.2621 0.0011 3.5677 0.1117 -5.3873 1.7111 0.0 1.4298 VFID4204-NGC5951 1
29.9706 1.1854 42.7671 0.2485 10.0203 0.1094 13.6766 1.0977 0.1407 0.0629 0.2099 0.0206 86.3685 1.5075 -7.0728 6.8374 0.0 1.3711 VFID4211-IC0781 1
75.6804 0.0223 76.757 0.0291 6.6255 0.0038 11.6787 0.0622 0.7176 0.0063 0.253 0.0009 -37.4172 0.0967 -4.2809 2.3828 0.0 1.4529 VFID4307-NGC5984 1
29.1651 0.2356 27.8199 0.2488 9.1239 2.8327 38.1308 133.9993 4.2616 4.3711 0.7672 0.2091 47.2188 33.4763 -24.622 24.3173 0.0 1.2191 VFID4312-IC3478 1
45.1558 0.0263 45.241 0.04 8.0736 0.0135 5.3562 0.0992 0.841 0.0227 0.4324 0.0046 -33.1774 0.6244 -1.7667 5.5907 0.0 1.2869 VFID4325-NGC4019 1
19.4258 0.0301 19.5437 0.0368 8.9881 0.0363 2.8911 0.1356 1.1615 0.0665 0.9529 0.027 -30.6386 24.5997 20.3534 16.8183 0.0 1.4661 VFID4337-MRK0756 1
30.6032 0.0914 32.8399 0.077 7.9336 0.0258 6.5704 0.2273 0.9041 0.0327 0.8112 0.0187 88.9958 4.7402 -50.3516 10.5284 0.0 1.3897 VFID4440-UGC05832 1
62.973 0.04 67.2095 0.0383 5.2579 0.0042 12.1847 0.0402 0.3183 0.0034 0.7653 0.0027 79.2372 0.6419 -67.6344 6.8101 0.0 4.0931 VFID4449-NGC4189 1
49.3717 0.0411 49.3669 0.0256 8.6818 0.0199 3.2872 0.0886 0.8424 0.0267 0.7967 0.0126 -72.1376 3.7185 -23.4728 5.1309 0.0 1.4494 VFID4451-NGC4506 1
36.7944 0.0994 37.4577 0.1231 10.3996 0.0881 2.7076 0.3112 0.9666 0.1346 0.748 0.0531 18.628 11.6883 18.8432 6.621 0.0 1.2417 VFID4455-CGCG071-082 1
88.4779 0.0427 88.5141 0.0496 7.643 0.0568 11.1851 0.8635 1.9554 0.1036 0.779 0.0264 -49.3012 5.356 30.8585 3.879 0.0 1.7991 VFID4491-NGC4168 1
48.392 0.0205 49.1449 0.0181 8.1817 0.0141 3.3374 0.0609 0.9358 0.0199 0.8885 0.0097 -43.843 4.6314 14.2907 4.5856 0.0 1.1685 VFID4517-NGC4584 1
18.1674 0.5678 18.2327 0.9204 11.1879 0.1619 6.4517 0.8472 0.1964 0.1071 0.6142 0.0961 -4.0287 11.1743 24.3772 11.2132 0.0 1.0746 VFID4561-UGC09941 1
45.0192 0.2008 47.9324 0.5179 10.3827 0.1673 6.3243 1.3725 0.9511 0.213 0.4482 0.0524 -8.3665 6.758 -53.908 6.0307 0.0 1.3054 VFID4611-NGC4306 1
54.8948 0.2239 52.869 0.3642 8.2421 0.0373 13.4024 0.3134 0.1241 0.0199 0.5909 0.0166 4.8869 2.0564 -24.1908 5.5128 0.0 1.2794 VFID4634-NGC3299 1
30.1322 0.592 29.8055 0.5468 10.3377 2.162 19.3329 45.619 2.539 2.6704 0.6968 0.2565 -50.238 36.3896 -2.2155 13.0509 0.0 1.1766 VFID4701-UGC10014 1
67.0096 0.3443 65.8717 0.1409 9.5455 0.0683 6.9356 0.6265 0.7194 0.1016 0.4315 0.0251 72.6266 3.1398 -14.1338 3.862 0.0 1.3411 VFID4745-IC3718 1
47.0289 0.0388 48.4641 0.0248 6.9613 0.0105 7.196 0.1052 0.9835 0.0163 0.6477 0.0051 67.8016 0.9234 -13.9551 6.1027 0.0 1.4591 VFID4792-NGC4351 1
83.9954 0.0298 82.7421 0.017 5.1554 0.0019 12.9737 0.0331 0.4259 0.0026 0.575 0.0014 -87.0379 0.1749 -81.4312 3.2207 0.0 3.049 VFID4796-NGC5970 1
28.6345 0.1701 27.6824 0.1268 10.862 0.2869 4.0213 1.5572 1.6906 0.6157 0.686 0.1283 61.9718 18.8359 28.4652 10.0065 0.0 1.2162 VFID4819-IC0767 1
73.3438 0.0596 73.2945 0.0515 6.5942 0.006 11.2893 0.0559 0.2835 0.0045 0.7844 0.0043 -84.1333 0.9818 53.3516 2.7231 0.0 1.596 VFID4835-NGC5957 1
44.5174 0.0175 44.5233 0.0188 6.7859 0.0051 6.278 0.0437 0.861 0.0074 0.9231 0.0043 11.7414 2.6696 -1.9874 4.1517 0.0 1.315 VFID4894-NGC5956 1
33.1688 0.0401 33.2659 0.0335 8.5813 0.0574 5.1159 0.3953 1.7695 0.1154 0.6698 0.0204 -42.6642 3.3355 -21.0158 10.3453 0.0 1.5222 VFID5093-UGC05456 1
34.0035 0.2603 32.8767 0.6332 9.8412 0.0706 8.3794 0.853 0.5287 0.1033 0.3916 0.0325 -8.654 3.5083 -12.4191 7.6746 0.0 1.2951 VFID5110-UGC08056 1
55.6645 0.0075 56.0779 0.0121 5.7412 0.0164 13.0955 0.2919 3.0497 0.0403 0.7174 0.005 13.1533 0.7262 -138.9684 7.7147 0.0 2.0468 VFID5192-NGC4779 1
76.5489 0.0247 75.6396 0.0102 5.9642 0.0026 10.2226 0.0349 0.5375 0.004 0.2241 0.0007 -67.8171 0.059 -30.336 3.9575 0.0 1.73 VFID5252-NGC4316 1
26.1626 0.6448 26.5727 0.3885 12.0534 0.3273 2.7135 1.2845 0.7214 0.4982 0.5585 0.1873 -67.3758 24.1202 56.5772 11.246 0.0 1.4152 VFID5302-UGC07314 1
33.4404 0.232 34.6209 0.3133 9.0414 0.0914 7.8521 0.8355 0.9679 0.1104 0.7976 0.057 -27.356 13.2029 -37.025 10.5106 0.0 1.4054 VFID5313-IC0776 1
35.149 0.0453 35.946 0.073 8.4099 0.0264 5.4607 0.1855 0.9624 0.0351 0.6526 0.0127 12.6382 2.2639 -49.5227 7.4402 0.0 1.2244 VFID5330-UGC07590 1
42.2741 0.3621 44.1176 0.5189 12.3377 0.2997 2.7065 8.9265 0.0418 0.3182 0.7073 0.2083 19.0151 24.8252 -6.1723 5.6964 1.0 1.2639 VFID5341-UGC07596 1
64.5894 0.0457 65.4724 0.0424 8.3817 0.0687 6.7574 0.6435 1.9395 0.1399 0.9759 0.0412 55.4112 63.2174 21.1218 4.5673 0.0 1.3911 VFID5418-NGC4795 1
31.48 0.0799 32.1749 0.0598 8.8439 0.0222 3.892 0.1232 0.5839 0.0349 0.7592 0.019 65.8025 4.1337 54.1401 8.415 0.0 1.3038 VFID5421-NGC4791 1
47.3015 0.0242 47.9542 0.0223 6.283 0.0069 6.9512 0.0657 0.978 0.0094 0.9659 0.0062 -57.1625 7.7452 -123.3668 7.0248 0.0 1.5382 VFID5446-NGC4416 1
33.5366 0.0684 33.3997 0.0747 9.3793 0.0642 3.9982 0.3555 1.2546 0.113 0.8902 0.0434 26.78 18.1814 27.3399 8.1107 0.0 1.2289 VFID5447-UGC08042 1
25.5332 0.1302 25.8167 0.0741 8.5368 0.0174 6.0081 0.1437 0.3941 0.0242 0.5928 0.014 -77.4256 1.7354 38.1708 10.6435 0.0 1.3656 VFID5449-UGC08045 1
32.5087 0.6228 32.3034 0.9029 10.9964 0.1855 5.2446 0.8305 0.2149 0.1247 0.7078 0.1329 -0.807 19.5231 7.9366 8.626 0.0 1.4441 VFID5462-IC3131 1
27.6284 0.0676 28.359 0.0268 7.982 0.0096 6.3924 0.0807 0.486 0.0142 0.4009 0.0045 -78.5216 0.4887 -9.7015 8.4746 0.0 1.2204 VFID5492-NGC4466 1
106.3045 0.0203 109.6975 0.0284 8.8741 0.0817 5.8186 0.7265 3.089 0.2448 0.9244 0.0377 33.7361 17.78 -9.8351 1.8756 0.0 1.1685 VFID5500-UGC08614 1
49.4828 0.0195 48.346 0.0091 7.1715 0.0064 4.6224 0.0423 0.896 0.0104 0.5139 0.0026 83.6893 0.3895 32.8646 5.4307 0.0 1.336 VFID5525-NGC4370 1
61.4973 0.0159 62.0037 0.0175 6.4295 0.0089 7.7099 0.0919 1.4108 0.0144 0.9495 0.0057 -62.039 5.0893 -39.427 4.1999 0.0 1.7577 VFID5541-NGC5645 1
58.2826 0.018 57.9153 0.0185 7.7554 0.0193 3.8983 0.1033 1.5831 0.0383 0.914 0.0119 71.4109 6.1075 19.9289 4.6894 0.0 1.454 VFID5565-NGC4309 1
51.0763 0.0523 50.7691 0.0422 9.3588 0.0564 3.1468 0.2594 1.5291 0.124 0.91 0.0306 73.5396 19.5737 -13.3929 5.099 0.0 1.2727 VFID5576-NGC4341 1
36.7025 0.0797 37.2793 0.0838 7.7198 0.0185 6.9164 0.1701 0.7838 0.0214 0.9718 0.019 0.0175 26.8673 -18.2663 8.1623 0.0 1.2753 VFID5588-IC3267 1
60.9966 0.0641 61.04 0.0544 7.291 0.0271 12.1625 0.452 1.4547 0.0432 0.5975 0.0107 -48.3064 1.5194 -35.1368 5.1595 0.0 1.4367 VFID5641-NGC4223 1
36.8837 0.2951 37.2869 0.439 9.8898 0.0791 7.4699 0.8255 0.6571 0.1234 0.3532 0.0275 34.6948 3.0977 -46.9678 7.4598 0.0 1.2368 VFID5642-IC3229 1
27.022 0.1119 29.2307 0.1132 8.2661 0.019 7.8456 0.2077 0.5282 0.0285 0.4056 0.0092 43.8361 0.9472 -46.2177 11.0466 0.0 1.3459 VFID5644-IC3225 1
50.4045 0.0406 51.2853 0.0673 8.511 0.0455 5.7976 0.3575 1.5031 0.0842 0.6038 0.0184 -5.4479 2.4496 35.9881 5.558 0.0 1.3622 VFID5678-NGC4215 1
26.1774 1.1541 30.7665 1.6409 10.7542 0.1762 13.0875 3.2158 0.6699 0.3082 0.0972 0.0173 35.09 1.5792 47.367 10.7156 1.0 1.3559 VFID5714-VCC0315 1
36.9519 0.225 36.9431 0.2245 9.6429 0.1952 2.7124 0.712 0.9715 0.3298 0.8777 0.142 -10.3933 59.9614 182.4588 28.3262 0.0 21.1178 VFID5728-NGC4269 1
8.944 0.0603 41.9665 0.0609 9.2805 0.0599 3.7201 0.2991 1.3419 0.1117 0.8569 0.0359 -1.5925 11.9763 31.829 8.7078 0.0 1.2468 VFID5732-IC3155 1
22.9501 0.0387 23.8652 0.0589 9.1766 0.0304 3.049 0.1192 0.9038 0.0422 0.705 0.0179 7.7555 3.687 93.7893 11.9179 0.0 1.2139 VFID5755-VCC0340 1
128.1817 0.0115 128.0731 0.012 6.7421 0.0114 6.0316 0.0959 1.7989 0.023 0.8833 0.0068 -18.8335 2.3649 15.2842 2.0221 0.0 1.3119 VFID5768-NGC4261 1
35.8176 0.2518 35.4226 0.2018 10.11 0.2224 6.1674 1.811 1.4128 0.3436 0.6978 0.1007 49.6296 17.5285 5.6137 9.9999 0.0 1.3625 VFID5782-IC0782 1
15.6634 0.0243 16.1209 0.0237 8.6804 0.0184 2.3905 0.053 0.8333 0.0286 0.9291 0.014 -79.322 10.3133 16.4675 18.4731 0.0 1.3129 VFID5785-HARO06 1
37.108 0.0474 37.2263 0.0421 8.1488 0.0136 4.9937 0.095 0.6536 0.0209 0.418 0.0057 -49.1647 0.7108 -19.4972 8.3162 0.0 1.3406 VFID5793-UGC07579 1
36.586 0.0291 37.4833 0.0179 8.0352 0.0129 3.6368 0.0621 0.86 0.021 0.6296 0.0066 71.1826 1.1487 34.4764 7.3356 0.0 1.289 VFID5804-NGC4287 1
26.7929 0.0414 26.7927 0.0344 8.8824 0.0309 3.3949 0.1426 1.109 0.0503 0.7101 0.0187 -76.8258 3.3257 13.4462 10.7522 0.0 1.2174 VFID5816-NGC4282 1
35.1973 0.2478 36.6176 0.2663 9.4839 0.0489 7.3433 0.4865 0.5251 0.0771 0.335 0.0196 43.6533 1.8363 34.1483 7.6204 0.0 1.2396 VFID5817-NGC4252 1
60.1178 0.0706 59.8874 0.0234 7.6634 0.017 5.7378 0.1389 0.7968 0.0222 0.3929 0.0061 73.9825 0.6823 -2.9957 7.644 0.0 3.4665 VFID5820-NGC4266 1
57.2769 0.1045 56.7122 0.0551 8.4596 0.0472 6.8722 0.4316 1.2955 0.072 0.5945 0.0196 -73.7562 2.8651 -41.4444 5.2986 0.0 1.3115 VFID5831-NGC4270 1
53.8265 0.0248 53.6154 0.0326 7.8619 0.0323 6.7776 0.3137 1.634 0.0665 0.4767 0.01 38.2092 1.0353 -30.1668 6.4364 0.0 1.4808 VFID5847-NGC4300 1
23.1713 0.4061 24.3299 0.4522 9.8702 0.174 5.5519 1.0267 0.8954 0.159 0.9578 0.131 17.7375 124.7675 -12.6554 16.8228 0.0 1.2776 VFID5881-VCC0693 1
23.4372 0.466 23.4946 0.514 13.4005 0.3324 2.1129 11.2312 0.0348 0.5918 0.6478 0.3175 -44.383 40.6146 -30.3699 8.765 1.0 1.1792 VFID5889-UGC09252 1
35.1166 0.0201 34.4727 0.021 7.8386 0.02 4.4148 0.1262 1.4553 0.04 0.6857 0.0101 -10.9793 1.6722 21.0402 9.3179 0.0 1.415 VFID5894-UGC07422 1
90.857 0.0206 90.8316 0.0347 4.5311 0.0138 28.421 0.4161 2.0724 0.0203 0.6025 0.0034 15.791 0.3956 -216.3951 6.6965 0.0 6.6693 VFID5897-NGC5921 1
116.0899 0.0617 114.7961 0.0539 4.8918 0.0031 22.0845 0.0985 0.4758 0.0045 0.7116 0.0029 47.7139 0.4952 -65.5293 2.7794 0.0 3.0062 VFID5906-NGC5364 1
34.1535 0.062 32.8383 0.0228 8.6127 0.0208 5.6985 0.1623 0.9606 0.026 0.4656 0.0069 70.115 0.9687 47.8792 6.1378 0.0 1.1626 VFID5909-NGC5360 1
23.4498 0.296 24.4534 0.3831 10.609 0.1182 6.0444 0.3637 0.0935 0.0661 0.4449 0.0329 34.4906 4.0956 9.281 12.7546 0.0 1.4623 VFID5917-VCC1789 1
62.4771 0.0145 63.6589 0.02 4.8 0.2366 129.9894 40.2176 5.3528 0.4026 0.8629 0.0157 -18.8623 4.1903 -178.5896 13.5745 0.0 1.4115 VFID5918-NGC4378 1
64.3631 0.0064 64.8442 0.0199 5.9797 0.0029 9.8199 0.0416 0.8417 0.0049 0.2692 0.0008 -17.8798 0.0759 17.4705 3.9716 0.0 2.1432 VFID5922-IC1048 1
41.1991 0.0607 40.7678 0.0452 8.8812 0.0496 4.5384 0.3076 1.3788 0.087 0.7003 0.0245 -63.1036 4.128 -16.2995 6.9153 0.0 1.2666 VFID5933-NGC4255 1
35.8296 0.4552 36.1619 0.4715 9.4442 0.2159 7.7456 1.7035 1.1526 0.2143 0.9798 0.1408 -65.93 278.165 30.5135 12.6133 0.0 1.3671 VFID5934-UGC07411 1
35.7871 0.8911 33.356 0.8374 10.6643 0.1392 10.0827 1.1052 0.1928 0.0872 0.3568 0.0452 -46.4604 4.0151 7.9476 6.5326 0.0 1.168 VFID5936-UGC09485 1
27.4377 0.2949 27.2752 0.3979 6.238 7.3302 209.4851 1415.6261 3.7821 5.1668 0.7712 0.1377 -60.5864 21.7698 -126.8537 114.759 0.0 1.3012 VFID5953-UGC07976 1
34.9642 0.1576 34.4151 0.1729 8.1893 0.031 7.8865 0.1774 0.306 0.0237 0.7601 0.0191 72.9921 4.5226 22.5649 10.1736 0.0 1.3898 VFID5966-NGC4301 1
57.1225 0.0517 58.9583 0.049 5.871 0.004 11.925 0.0718 0.5451 0.0057 0.9427 0.0047 -70.9577 3.7497 -50.6774 4.7376 0.0 1.9508 VFID5981-NGC5668 1
38.2429 0.0371 37.8835 0.0385 10.0249 0.0434 2.2971 0.1361 1.0163 0.0698 0.8702 0.0341 -38.6585 11.4642 -14.5695 4.798 0.0 1.1923 VFID5988-UGC08857 1
31.2624 0.3302 31.6224 0.1447 10.6188 0.1014 5.5239 0.2351 0.0806 0.0601 0.3286 0.0228 -80.5291 2.1616 -0.2266 9.9901 0.0 1.3666 VFID6034-VCC0737 1
50.1495 0.2136 48.8419 0.2393 9.0178 0.1471 9.5265 1.6487 1.4756 0.1875 0.9173 0.0875 -14.5863 44.6001 -15.9128 7.4177 0.0 1.4631 VFID6036-UGC08153 1
45.4613 0.0248 45.1828 0.0222 5.7747 0.0046 6.6673 0.0491 0.6688 0.0101 0.8113 0.0044 -44.3301 1.1605 -34.332 12.0944 0.0 3.2205 VFID6040-NGC4412 1
34.372 0.0358 33.5229 0.0212 8.469 0.0369 5.9737 0.3048 1.742 0.0709 0.8341 0.0151 -73.4287 5.0401 -12.3004 6.7669 0.0 1.1514 VFID6042-NGC5770 1
85.1514 0.056 84.6 0.0684 6.0612 0.0043 16.7094 0.107 0.4737 0.0065 0.6855 0.0039 -39.1221 0.637 -45.4772 2.5457 0.0 1.4481 VFID6045-NGC5300 1
36.689 0.03 34.1554 0.0264 6.4505 0.0053 6.3275 0.0331 0.3642 0.005 0.75 0.0041 73.7963 0.849 -32.5883 10.9412 0.0 2.3916 VFID6077-NGC4234 1
50.5813 0.0607 51.2785 0.0488 6.9715 0.017 11.3385 0.2288 1.1881 0.0206 0.7997 0.0087 87.1051 2.2506 -54.6085 5.3305 0.0 1.482 VFID6094-NGC5774 1
86.8637 0.0576 86.1416 0.0386 6.6129 0.0051 14.1264 0.0972 0.5891 0.0076 0.3078 0.0017 55.9128 0.1683 -19.2617 2.3222 0.0 1.2646 VFID6108-NGC5577 1
27.1903 0.1578 27.4757 0.0919 10.2458 0.0538 3.5629 0.2655 0.6062 0.0858 0.5857 0.0332 -62.2035 4.5535 35.6284 8.388 0.0 1.1752 VFID6114-UGC08263 1
28.626 0.0076 29.092 0.0097 6.597 0.0028 4.2154 0.0171 0.6107 0.0044 0.7197 0.0023 41.6153 0.4589 40.4131 8.458 0.0 1.6663 VFID6115-NGC5692 1
54.4903 0.2045 54.7697 0.1858 7.2083 0.0226 10.0013 0.216 0.2993 0.0178 0.8968 0.0212 -68.397 8.331 118.4861 8.372 0.0 7.7164 VFID6127-IC1067 1
36.651 0.0383 36.9655 0.0219 7.1713 0.0048 6.9965 0.0483 0.4727 0.0074 0.5785 0.0036 69.2707 0.4657 21.9002 5.8066 0.0 1.5785 VFID6132-IC1066 1
85.3637 0.015 84.5293 0.0138 7.5019 0.0138 5.1318 0.098 1.486 0.0249 0.8606 0.0083 88.6886 2.6022 -11.8049 2.4618 0.0 1.3327 VFID6137-NGC5576 1
40.3785 0.0577 40.436 0.0437 8.6589 0.0355 5.5994 0.2592 1.1595 0.0487 0.7106 0.0174 56.6785 3.3456 28.5435 5.6204 0.0 1.241 VFID6141-NGC5574 1
59.5083 0.0331 59.306 0.0418 8.0005 0.0248 5.4134 0.1804 1.287 0.0373 0.9236 0.0159 -25.3868 9.72 65.0028 4.152 0.0 1.8337 VFID6143-NGC5638 1
58.8854 0.1479 57.4967 0.3899 9.3382 0.046 9.7007 0.6421 0.6492 0.0705 0.3693 0.0177 -8.8927 1.8936 20.9226 3.4218 0.0 1.2104 VFID6147-UGC09310 1
37.8893 0.2371 37.8564 0.0825 9.497 0.0379 7.1681 0.3785 0.6686 0.0576 0.3473 0.0123 88.3872 1.4424 -4.6025 5.1394 0.0 1.192 VFID6152-UGC09285 1
75.3652 0.0703 75.0543 0.0407 8.1872 0.0251 8.4309 0.2857 1.1811 0.0363 0.5054 0.0086 61.462 1.1544 10.7819 2.5395 0.0 1.2822 VFID6165-NGC5864 1
38.9833 0.0408 13.5355 0.0365 10.0576 0.0472 2.3199 0.1449 1.1284 0.0904 0.7979 0.0316 18.0223 7.4762 -38.6251 5.5495 0.0 1.0802 VFID6168-UGC09392 1
33.1353 0.006 34.9355 0.009 5.7378 0.0032 3.5955 0.0133 0.8816 0.0057 0.6948 0.0021 33.3298 0.3587 136.8739 9.8708 0.0 3.5621 VFID6174-IC1024 1
20.9315 0.1082 21.4273 0.2104 9.3165 0.0839 7.1934 0.5418 0.9121 0.0858 0.5194 0.0209 -24.4823 3.0547 -27.8602 15.3051 0.0 1.5085 VFID6192-CGCG047-085 1
14.5381 0.2249 14.3796 0.165 10.6418 24.6017 249.4683 13976.7803 14.1572 157.6312 0.1286 0.1409 -57.0406 9.3254 -32.0209 24.0742 1.0 1.2125 VFID6193-VCC1060 1
44.5276 0.0161 44.5634 0.0079 6.5582 0.003 4.9594 0.021 0.5418 0.0049 0.4867 0.0016 89.729 0.2055 59.292 6.6285 0.0 1.5859 VFID6196-NGC4799 1
31.1265 0.15 32.2468 0.1867 7.6239 0.4169 22.7435 8.2392 1.8417 0.3178 0.6835 0.0362 40.4412 5.7758 -160.0926 32.7901 0.0 1.348 VFID6206-UGC08084 1
34.7783 0.1685 34.8824 0.0989 9.7014 0.087 4.2698 0.4871 0.9551 0.1397 0.5415 0.0309 -68.4219 4.9593 -19.2071 9.9382 0.0 1.4269 VFID6212-VCC0597 1
90.8322 0.0698 91.0278 0.0443 8.4368 0.0346 5.1621 0.2377 1.08 0.0507 0.6382 0.0168 58.923 2.6872 80.3901 3.3281 0.0 3.4432 VFID6253-NGC5854 1
30.3931 0.2662 30.361 0.2636 10.9101 0.2549 3.98 1.361 1.3545 0.4448 0.996 0.1834 -21.1097 1945.8899 43.3822 8.1419 0.0 1.5937 VFID6268-CGCG048-072 1
115.809 0.0136 116.3238 0.0141 6.913 0.0096 4.1491 0.062 1.567 0.0222 0.8144 0.0064 38.0395 1.6349 21.9448 2.5348 0.0 3.5061 VFID6324-NGC5838 1
26.005 4.3251 25.7627 3.9262 8.7048 3.7526 983.7758 4521.457 4.1855 5.4133 0.0038 0.0016 47.7899 0.1163 -24.2421 6.8523 1.0 1.1156 VFID6325-SDSSJ150611.22+020544.2 1
217.5454 0.0125 219.4071 0.0696 4.795 0.0016 34.2961 0.0766 0.4025 0.0023 0.1124 0.0002 -10.1859 0.0205 9.463 1.303 0.0 2.9955 VFID6357-NGC5746 1
91.3751 0.0155 90.9417 0.0356 5.1341 0.0052 16.6345 0.1165 1.1553 0.0087 0.432 0.0015 -5.9699 0.1914 -61.3175 4.1441 0.0 4.7625 VFID6369-NGC5806 1
124.063 0.0489 124.0259 0.0614 7.2181 0.0428 8.1834 0.4764 1.7551 0.0739 0.8987 0.0246 -33.1735 10.2716 58.5679 3.7952 0.0 7.4509 VFID6406-NGC5813 1
81.4772 0.0069 80.9995 0.0115 5.3732 0.0047 9.7082 0.0679 1.8917 0.0105 0.7013 0.0024 -28.6297 0.3503 -62.8902 3.2881 0.0 2.0576 VFID6411-NGC5740 1
17.3801 0.0167 18.1871 0.0161 8.6438 0.0127 2.6764 0.0476 0.9148 0.0205 0.7879 0.0082 -72.1569 2.2814 27.9826 11.322 0.0 1.2131 VFID6420-CGCG021-013 1
44.0753 0.0388 44.3521 0.0327 8.5833 0.033 4.7665 0.214 1.4869 0.0575 0.9084 0.0196 48.8215 9.8621 -3.89 4.6976 0.0 1.3616 VFID6425-NGC5839 1
30.6574 0.0105 30.8188 0.0172 8.4575 0.0136 2.6727 0.0492 1.1646 0.0255 0.9029 0.0104 -30.6555 4.7345 4.3491 5.9802 0.0 1.1459 VFID6426-NGC5845 1
29.5498 0.0353 31.4231 0.024 8.1905 0.0088 4.0469 0.0508 0.5991 0.0139 0.6863 0.0067 -77.4241 1.186 36.0072 6.3743 0.0 1.2959 VFID6428-NGC5811 1
29.4324 0.0433 29.0559 0.0626 9.8074 0.0603 3.2362 0.2639 1.3631 0.1149 0.8251 0.0348 42.5322 9.6764 11.148 6.8236 0.0 1.1116 VFID6439-NGC5738 1
21.7789 0.0435 22.7981 0.0538 8.5748 0.0119 3.7769 0.0686 0.5202 0.0193 0.8285 0.013 -5.1545 3.5613 20.3875 9.9016 0.0 1.3714 VFID6463-CGCG019-084 1
40.4549 0.1338 41.566 0.2785 9.0838 0.0432 8.0101 0.4909 0.6686 0.0689 0.4325 0.0185 -24.5338 2.2514 5.3767 6.8396 0.0 1.228 VFID6468-UGC07184 1
48.8718 0.0126 48.6978 0.0145 7.951 0.0148 2.7825 0.0564 1.3452 0.0318 0.8771 0.0094 6.792 3.6743 1.7795 5.3105 0.0 1.308 VFID6470-NGC4581 1
32.3211 0.202 31.9156 0.3806 8.2565 1.2927 84.5733 144.9608 3.9224 2.4192 0.1328 0.0202 -29.1822 1.6522 -50.8193 12.8068 0.0 1.4345 VFID6472-UGC07394 1
48.517 1.5643 42.534 0.7837 10.5135 0.1062 20.2715 1.7199 0.2231 0.0692 0.0669 0.0066 -63.4642 0.5364 -20.1895 5.1119 1.0 1.2451 VFID6478-UGC09751 1
34.497 0.0555 35.2982 0.0732 9.1059 0.025 3.3844 0.1194 0.718 0.0438 0.7549 0.0177 -10.3941 4.4244 -5.3794 6.9294 0.0 1.2494 VFID6481-UGC07841 1
18.822 0.1929 19.0365 0.2619 11.5987 0.0987 2.4531 0.2877 0.3492 0.1279 0.7271 0.089 -26.432 15.5574 -13.5899 10.1143 0.0 1.1901 VFID6494-CGCG021-011 1
67.4797 0.0237 68.1188 0.0277 7.9396 0.0237 6.1868 0.1958 1.5953 0.0416 0.8682 0.0136 -50.496 4.4884 21.0619 2.8554 0.0 1.2408 VFID6503-NGC5831 1
51.5906 0.0642 51.8843 0.0961 8.6576 0.028 6.0809 0.2317 0.8261 0.04 0.4524 0.0096 -35.3327 1.3579 -64.2148 5.1708 0.0 1.2761 VFID6506-NGC4599 1
23.7813 0.5348 23.6455 0.3247 12.8106 0.3051 2.2285 10.0308 0.0384 0.4542 0.6183 0.2121 -71.5562 23.7261 16.8684 10.6633 1.0 1.2757 VFID6527-UGC08066 1
36.3136 0.1723 37.378 0.3037 9.8975 0.0568 6.7267 0.3033 0.2283 0.0389 0.5437 0.0281 26.4459 3.2943 31.6382 5.2541 0.0 1.171 VFID6573-UGC09470 1
64.703 0.0051 65.284 0.0045 5.3728 0.0026 3.5908 0.0183 1.8073 0.0113 0.8782 0.0029 -74.4083 0.9391 -15.4167 5.5502 0.0 2.185 VFID6589-NGC4385 1
21.2897 0.1925 23.1344 0.1021 11.5858 0.1128 2.3792 0.9394 0.0525 0.1171 0.4744 0.0707 -75.2617 4.2859 98.2016 11.9229 0.0 1.2333 VFID6590-DDO121 1
65.7013 0.0236 66.0526 0.0305 8.3226 0.0248 4.9209 0.1691 1.3951 0.0389 0.8864 0.0135 -45.8402 6.3851 17.9983 2.9184 0.0 1.176 VFID6599-NGC5869 1
53.7928 0.0457 54.711 0.0242 8.0224 0.0095 6.4768 0.0883 0.7136 0.016 0.3269 0.0032 -62.4429 0.3246 -24.609 3.6143 0.0 1.2172 VFID6620-UGC09348 1
93.2693 0.0041 92.7875 0.0035 4.882 0.0016 4.416 0.0093 1.2138 0.0038 0.6313 0.0011 -79.9785 0.1278 38.2036 2.795 0.0 2.2864 VFID6694-NGC5719 1
29.8046 0.0489 29.5628 0.0745 9.1506 0.0199 4.9908 0.1374 0.6424 0.032 0.4417 0.0083 31.3957 1.0888 -30.2884 6.161 0.0 1.1271 VFID6700-NGC5733 1
20.8421 0.2251 15.3534 0.4702 10.687 0.1001 6.5478 0.4436 0.1346 0.0576 0.4665 0.0376 21.557 3.7843 2.0841 10.4513 0.0 1.1212 VFID6767-CGCG020-032 1
