xc xc_err yc yc_err mag mag_err re re_err nsersic nsrsic_err BA BA_err PA PA_err sky sky_err error chi2nu prefix success_flag
48.6155 0.0166 49.8362 0.022 6.8094 0.004 7.5134 0.0437 0.6741 0.0066 0.493 0.002 -37.2218 0.2601 -97.4832 3.8575 0.0 1.8233 VFID0005-NGC3752 1
23.5703 0.0677 22.043 0.0364 8.578 0.0119 6.0427 0.1002 0.5577 0.0197 0.4857 0.0066 61.9838 0.7809 43.5766 8.0474 0.0 1.5131 VFID0100-UGC06552 1
68.4272 0.0216 68.57 0.0545 7.7028 0.0076 10.18 0.1071 0.7599 0.012 0.3905 0.0026 18.1183 0.3095 1.1337 1.7434 0.0 1.8132 VFID0109-NGC6395 1
22.143 0.0123 22.8146 0.0115 7.3204 0.0045 4.0137 0.0272 0.6575 0.0069 0.7983 0.0039 -46.9802 1.0358 108.8427 9.9244 0.0 1.5934 VFID0141-UGC06711 1
44.779 0.137 44.0819 0.234 8.3498 0.0194 10.1121 0.2711 0.4351 0.0263 0.5895 0.0146 8.5343 1.9355 28.2762 4.6903 0.0 1.605 VFID0153-NGC4034 1
38.4277 0.0146 38.7741 0.0259 7.2432 0.0057 5.7991 0.0462 0.7238 0.0081 0.5602 0.0029 4.7345 0.4325 16.4883 5.5771 0.0 1.3672 VFID0187-NGC3622 1
67.5992 0.0045 67.6814 0.0037 5.7154 0.0014 3.6252 0.0062 0.6939 0.0025 0.7585 0.001 -81.1259 0.2293 32.0664 3.0495 0.0 1.6024 VFID0194-NGC3682 1
31.6436 0.1136 31.1468 0.1195 9.0203 0.0744 8.6005 0.6042 1.161 0.0731 0.7342 0.0266 -47.5617 5.5841 29.388 7.1386 0.0 1.481 VFID0198-UGC08604 1
55.8729 0.0473 56.1551 0.0658 8.7357 0.0422 5.5145 0.3022 1.303 0.0627 0.7485 0.0214 24.1074 4.4212 48.7422 4.0993 0.0 2.0397 VFID0200-NGC4221 1
28.6701 0.4047 28.8171 0.2245 8.7943 4.2243 86.8227 443.2968 4.5541 6.1158 0.4661 0.1328 79.986 10.4442 -44.184 23.8089 0.0 1.2074 VFID0229-UGC03748 1
59.573 0.1407 60.0588 0.3865 9.2761 0.0622 10.0576 0.8473 0.8139 0.0907 0.3583 0.0174 15.822 2.0789 11.1054 3.7978 0.0 1.5142 VFID0259-UGC07941 1
33.5282 0.0569 14.8581 0.0797 10.4409 0.0636 2.3699 0.1915 0.8862 0.105 0.7417 0.0379 24.5433 8.1848 19.214 5.6468 0.0 1.2468 VFID0260-UGC07730 1
39.2477 0.0356 39.9758 0.0622 8.4429 0.0115 5.6293 0.0937 0.5269 0.0187 0.5111 0.0072 29.8124 0.8448 26.4335 4.6822 0.0 1.2122 VFID0262-UGC05727 1
20.9516 0.0417 20.7798 0.0467 9.8761 0.0398 2.5797 0.1362 0.9601 0.0581 0.8041 0.0258 -15.3156 7.2026 0.4272 9.2121 0.0 1.2216 VFID0266-UGCA317 1
30.3992 0.1019 34.4797 0.3238 10.4465 0.0484 7.7921 0.2946 0.1826 0.0306 0.3201 0.0142 -8.6123 1.1977 -3.3943 3.8543 0.0 1.111 VFID0291-CGCG319-030 1
36.4046 0.007 36.7215 0.0102 7.0481 0.0034 3.7349 0.0173 0.628 0.0058 0.587 0.0022 -33.1805 0.2979 37.9633 5.8401 0.0 1.6911 VFID0298-NGC4481 1
49.7728 0.006 50.0284 0.0057 5.9324 0.0019 4.902 0.0128 0.7447 0.0028 0.4439 0.0009 -46.8124 0.0994 39.8547 5.0605 0.0 2.8218 VFID0304-UGC07179 1
36.6566 0.01 37.0869 0.0075 6.5243 0.0041 3.1379 0.0183 1.2379 0.0128 0.6883 0.0031 70.7356 0.4538 76.296 7.0239 0.0 2.4706 VFID0321-IC0836 1
26.6263 0.2156 27.9477 0.2901 9.8386 0.0636 5.5866 0.4853 0.6672 0.0826 0.7563 0.0459 -7.754 10.2167 -37.1273 8.0015 0.0 1.1797 VFID0344-UGC07837 1
124.3961 0.0099 120.2633 0.0183 4.9084 0.0098 28.0256 0.3961 2.5642 0.023 0.4614 0.0021 15.1789 0.2205 -84.4489 2.8529 0.0 2.6934 VFID0349-NGC3359 1
34.0371 0.2532 34.5266 0.104 12.0534 0.184 2.7054 0.641 0.9161 0.3601 0.4358 0.0755 -82.2378 7.3511 21.0155 4.137 0.0 1.7528 VFID0356-FGC2028 1
35.0432 0.2656 28.5282 0.0995 12.0081 0.2034 2.8644 0.7675 1.019 0.4236 0.4194 0.0793 -82.8771 7.2559 20.1154 5.5422 0.0 1.8795 VFID0357-FGC2028 1
23.2447 0.0145 23.2809 0.0185 8.3531 0.0071 3.7451 0.0365 0.79 0.0104 0.7818 0.0051 14.082 1.2484 11.923 5.1687 0.0 1.1628 VFID0358-IC1235 1
25.7453 0.0742 26.1634 0.061 8.6139 0.0165 6.1153 0.1309 0.6339 0.022 0.817 0.0128 60.9777 3.6139 10.7311 6.4023 0.0 1.14 VFID0360-UGC08436 1
22.4218 0.6216 19.4204 0.9831 6.4552 10.7907 429.4688 3983.8711 3.4135 6.2874 0.2797 0.0665 34.8911 5.5374 37.4445 87.0512 0.0 1.1396 VFID0366-WISEAJ120145.26+625807.5 1
28.5811 0.0309 29.1372 0.0606 9.0161 0.02 3.9202 0.1133 0.7657 0.0302 0.5174 0.0092 1.8078 1.3123 40.1638 7.2275 0.0 1.1933 VFID0374-2MFGC06849 1
41.614 0.0042 42.0526 0.0076 6.5899 0.0019 4.5847 0.0119 0.6887 0.0032 0.5336 0.001 -11.7354 0.1328 55.2508 3.4864 0.0 2.1757 VFID0377-IC1210 1
47.7966 0.0245 48.4442 0.0373 6.8925 0.0037 9.4978 0.0533 0.4989 0.006 0.6485 0.0032 -28.9632 0.4791 -2.8625 3.1663 0.0 1.5117 VFID0378-NGC5205 1
12.6789 0.0095 13.6145 0.0131 8.2377 0.0125 2.2066 0.0345 1.0948 0.0275 0.9075 0.0106 2.982 4.7643 34.6084 24.3606 0.0 1.8118 VFID0382-MRK0166 1
175.3109 0.0111 174.8707 0.0189 4.8494 0.0011 17.237 0.0234 0.3845 0.0013 0.4705 0.0006 30.7007 0.0672 -5.0654 0.9446 0.0 3.4527 VFID0393-NGC6015 1
62.2769 0.0487 61.5591 0.1572 9.1807 0.0396 7.8395 0.4215 0.9845 0.0619 0.3007 0.009 -12.6754 0.9771 6.7601 2.9498 0.0 1.1776 VFID0395-UGC07153 1
25.2882 0.09 26.8223 0.0705 8.9191 0.0178 4.8265 0.1301 0.4752 0.0282 0.7693 0.0186 56.8166 4.0043 -3.7415 8.1666 0.0 1.193 VFID0405-CGCG291-043 1
36.4114 0.0683 35.6485 0.1475 10.0286 0.0425 5.1792 0.3053 0.7821 0.0672 0.456 0.0158 23.6434 2.1537 -0.6218 3.9418 0.0 1.0988 VFID0409-UGC08514 1
26.2094 0.1315 30.7377 0.5745 10.8338 0.0932 7.6174 0.505 0.1571 0.0603 0.2149 0.0171 7.4341 1.4539 75.6241 7.3933 0.0 1.3437 VFID0412-MCG+10-17-093 1
9.5951 0.011 10.4598 0.0097 8.529 0.0143 2.7643 0.0283 0.8237 0.0115 0.9736 0.0057 -88.8112 11.8498 76.1774 20.0686 0.0 1.294 VFID0422-ARK499 1
36.1693 0.0789 35.9475 0.2112 8.9052 0.0441 11.2079 0.6606 1.0701 0.0639 0.3524 0.0104 0.4707 1.26 -29.4137 5.4884 0.0 1.3453 VFID0428-UGC08822 1
38.5222 0.0537 37.8483 0.0801 8.3323 0.0143 5.7973 0.1215 0.5887 0.0227 0.6478 0.0103 18.8072 1.689 125.0238 5.5548 0.0 1.4492 VFID0456-UGC06858 1
30.0764 38.6346 17.36 16.2203 5.5894 20.2783 3.7762 22.6668 1.8593 5.2076 0.1752 0.1718 -66.4302 3.6394 50.3783 64.4165 1.0 1.201 VFID0457-VIIZw591 1
43.8595 0.0573 43.8657 0.1794 9.5126 0.0322 7.1286 0.32 0.7275 0.0502 0.3138 0.0092 -5.6004 1.0419 20.3327 3.5516 0.0 1.2287 VFID0470-UGC08988 1
46.3121 0.1903 43.1049 0.1461 8.703 0.0215 8.6744 0.276 0.4387 0.0323 0.5344 0.0158 52.9304 1.8734 -13.4089 4.6161 0.0 1.2416 VFID0485-NGC3589 1
25.8498 0.0441 25.7667 0.0467 9.365 0.017 3.9136 0.0949 0.6107 0.0279 0.5026 0.0091 -42.7764 1.145 12.8262 6.1964 0.0 1.2956 VFID0501-UGC09556 1
38.0726 0.2418 37.8832 0.1393 9.9421 0.0567 5.5554 0.4222 0.7211 0.0806 0.5797 0.0283 89.7491 4.425 -17.2764 4.571 0.0 1.2169 VFID0524-UGC08282 1
57.8562 0.0252 58.1716 0.0152 6.8134 0.0031 8.2203 0.0334 0.4581 0.0047 0.3538 0.0013 58.8562 0.1323 -15.4474 3.2202 0.0 1.321 VFID0538-NGC3835 1
25.8777 0.0919 27.0187 0.0768 9.7129 0.0179 4.4901 0.1124 0.4534 0.0238 0.8272 0.0191 77.6136 5.1244 8.3972 3.8461 0.0 1.172 VFID0542-UGC10247 1
38.0225 0.0481 38.6609 0.0246 7.8354 0.0074 5.8457 0.0612 0.4803 0.0118 0.5072 0.0047 -72.2054 0.5595 11.272 5.4572 0.0 1.3037 VFID0553-NGC3740 1
37.3695 0.308 38.7466 0.168 10.7621 0.077 4.8181 0.2926 0.1815 0.05 0.5413 0.0392 72.6696 4.1348 -10.5594 4.2891 0.0 2.4084 VFID0589-UGC09816 1
17.648 0.0083 18.1315 0.0094 7.1131 0.0061 2.43 0.0209 1.3095 0.0217 0.9217 0.0068 23.6983 3.4703 60.1339 18.6197 0.0 2.5166 VFID0594-UGC05408 1
35.4623 0.1318 38.4706 0.1405 9.7417 0.034 6.1187 0.2956 0.6232 0.0569 0.2961 0.0108 43.2064 1.0903 -8.3553 4.7869 0.0 1.5039 VFID0606-UGC09080 1
29.129 0.2463 28.7256 0.3376 9.5197 0.1196 8.7809 0.8822 0.9342 0.1088 0.7297 0.0421 18.7986 8.9631 -11.0096 8.2548 0.0 1.2021 VFID0609-UGC09391 1
47.6156 0.1758 48.7836 0.1683 8.6315 0.0269 7.7491 0.2956 0.4881 0.0313 0.9574 0.0321 41.8259 33.2355 -32.8215 4.4077 0.0 1.1887 VFID0618-UGC06335 1
34.3809 0.0063 33.9617 0.0088 7.6011 0.0061 2.4051 0.0208 1.2368 0.0155 0.8477 0.0043 19.3525 1.5073 -11.4339 5.4858 0.0 1.3869 VFID0620-SBS0945+594 1
29.561 0.0898 29.7616 0.0999 10.5453 0.0721 2.4186 0.2348 0.8597 0.1148 0.8535 0.0611 -23.3886 18.763 10.6001 7.1276 0.0 1.7162 VFID0621-CGCG289-027 1
24.5453 0.0149 24.6298 0.011 8.5601 0.0112 3.4349 0.0504 0.9897 0.0178 0.5458 0.0045 72.6171 0.6518 67.9274 6.3897 0.0 1.324 VFID0638-WISEAJ150535.77+590537.2 1
23.1065 0.1759 24.0073 0.1021 9.3877 0.0247 5.604 0.2123 0.4286 0.0372 0.5908 0.0214 -74.7486 2.6575 -36.0785 8.3845 0.0 1.1637 VFID0654-UGC05673 1
15.7206 0.4348 15.7495 0.2642 6.9482 5.3333 68.2208 242.9691 1.9504 1.719 0.6086 0.0509 70.1025 6.3916 -150.5473 269.4792 0.0 1.2024 VFID0672-UGC09638 1
23.4597 0.0309 23.5254 0.0377 9.3737 0.0537 3.6172 0.2701 1.5747 0.1231 0.7455 0.0287 22.9688 4.9615 -17.836 10.8083 0.0 1.1771 VFID0679-UGC05435 1
26.8116 0.0286 26.7556 0.0447 8.5637 0.0099 5.3073 0.0758 0.6337 0.0156 0.628 0.0066 -26.7806 1.0294 -4.3772 5.0854 0.0 1.1962 VFID0683-UGC10961 1
20.8976 0.0053 21.1625 0.0041 6.1804 0.0019 3.3314 0.0091 0.6619 0.0039 0.7619 0.0016 -53.3764 0.3631 208.491 12.3482 0.0 2.8084 VFID0697-NGC5372 1
36.6402 0.2238 36.681 0.1534 9.2672 0.0602 7.8264 0.6469 0.9251 0.0825 0.6653 0.0322 -57.9805 5.7019 -5.9393 6.314 0.0 1.2199 VFID0707-UGC05862 1
24.8962 0.0077 25.0448 0.0092 8.1791 0.0062 2.7325 0.0234 0.9405 0.0091 0.8412 0.0041 74.2432 1.4698 38.619 5.2589 0.0 1.7866 VFID0720-MRK0847 1
33.8426 0.4413 32.7982 0.1995 10.1528 0.068 7.9584 0.7551 0.6705 0.1022 0.4387 0.029 -82.3345 3.4808 2.2818 4.9741 0.0 1.0944 VFID0753-UGC10854 1
13.4325 0.161 13.2529 0.2719 11.8049 0.2812 3.2639 1.1767 1.1491 0.4808 0.4465 0.0824 -35.8152 10.4475 -71.4283 17.3765 0.0 1.1597 VFID0754-VIIZw271 1
28.3016 0.4501 28.235 1.1012 10.6523 0.1387 8.1482 1.5934 0.5665 0.2129 0.4143 0.0652 -18.1311 7.1746 27.6541 7.1023 0.0 1.3149 VFID0755-UGC06912 1
115.5029 0.0473 116.0951 0.0227 6.8346 0.0097 15.9039 0.2077 1.2639 0.0137 0.304 0.002 65.8102 0.2086 9.1308 1.5332 0.0 1.9292 VFID0772-NGC5987 1
50.8024 0.0853 51.5378 0.0748 7.9831 0.015 8.6702 0.1792 0.8227 0.0211 0.8533 0.0119 -89.8837 3.9798 12.3778 2.9751 0.0 1.1911 VFID0776-UGC09837 1
15.5264 0.0692 16.1896 0.1012 10.0405 0.046 4.2556 0.2218 0.7656 0.0593 0.6881 0.0216 -31.4197 4.3338 -11.3592 9.8484 0.0 1.1172 VFID0783-UGC10968 1
30.0659 0.3274 29.8381 0.1214 10.26 0.0821 5.7125 0.6334 0.7947 0.1366 0.3683 0.0249 85.6173 3.0431 -21.9232 7.1807 0.0 1.1622 VFID0791-CGCG291-061 1
73.2684 0.7134 72.3214 0.8429 7.1675 1.134 122.3729 127.6818 2.3059 0.9104 0.4092 0.0404 39.816 3.9379 -35.4489 9.6597 0.0 1.1845 VFID0805-UGC08441 1
45.6766 0.0368 45.887 0.0534 6.9622 0.0068 7.9377 0.0787 0.6177 0.0103 0.6942 0.0052 -9.118 0.933 15.616 5.5439 0.0 1.4143 VFID0825-NGC3488 1
47.2669 0.065 47.7023 0.0585 10.0584 0.0665 3.1613 0.2723 1.1132 0.1029 0.8225 0.042 -59.7984 11.3167 22.8821 3.7675 0.0 1.1859 VFID0837-IC0875 1
74.3157 0.0355 74.6219 0.0201 6.6553 0.0049 11.0672 0.0752 0.7403 0.0073 0.294 0.0013 -60.2764 0.1408 6.8548 2.8283 0.0 1.3526 VFID0848-NGC2870 1
15.4553 0.0207 16.5812 0.0246 9.1436 0.0175 2.8304 0.0648 0.8978 0.0284 0.7888 0.0117 41.0291 2.8976 13.3588 11.3064 0.0 1.1351 VFID0873-MRK0812 1
26.3302 0.0327 26.5923 0.0211 8.033 0.0085 4.2362 0.0508 0.6442 0.014 0.6493 0.0057 -81.1274 0.9169 21.5301 8.1094 0.0 1.3119 VFID0885-KUG1030+573 1
19.7964 0.1371 19.9882 0.1702 10.2403 0.2549 5.656 1.3738 1.5508 0.2835 0.6954 0.0724 15.1813 12.9149 -29.7121 16.612 0.0 1.1964 VFID0901-WISEAJ112600.01+565407.5 1
29.1988 0.8933 32.5827 0.7264 9.883 0.1197 11.3703 1.5685 0.5396 0.146 0.5028 0.0552 -51.3672 6.94 27.5746 7.6987 0.0 1.3646 VFID0930-UGC06228 1
33.1243 0.0276 33.6216 0.0266 7.7604 0.0057 5.5544 0.0484 0.5114 0.009 0.6375 0.0047 -45.6979 0.7047 4.8242 5.1602 0.0 1.231 VFID0938-NGC4964 1
19.2843 0.0715 19.8966 0.1458 10.0752 0.0547 4.4185 0.3217 0.9053 0.0869 0.4996 0.0209 -3.612 2.9171 5.2582 9.1659 0.0 1.3405 VFID0945-KUG1420+564 1
25.1235 0.0254 24.9185 0.034 8.493 0.0142 3.7918 0.076 0.7767 0.0218 0.6409 0.0083 -35.8557 1.4408 57.0865 9.29 0.0 1.7176 VFID0948-NGC3499 1
60.5114 0.125 61.3869 0.1002 7.5418 0.0217 11.86 0.3654 0.8718 0.0316 0.5217 0.0091 -52.2771 1.3123 5.7789 4.7311 0.0 1.9774 VFID0949-NGC3794 1
62.1253 0.0869 60.8203 0.1704 8.3964 0.0368 10.0816 0.5012 1.0355 0.05 0.5115 0.0135 -3.6278 1.8594 8.0211 3.4589 0.0 1.3338 VFID0958-NGC3264 1
11.1495 0.0819 13.4557 0.1257 10.929 0.0438 2.7729 0.1282 0.2829 0.0419 0.6139 0.0319 10.0131 4.032 62.6227 13.0273 0.0 1.1426 VFID0963-UGCA291 1
121.5271 0.0443 120.1911 0.0093 2.9414 0.0032 37.5975 0.1701 1.3235 0.0067 0.1914 0.0005 79.3214 0.0405 -193.3689 8.6611 0.0 31.4578 VFID0987-MESSIER108 1
42.6054 0.0422 42.7895 0.0617 8.9723 0.0531 5.0137 0.3734 1.4123 0.0939 0.6532 0.0257 41.2048 3.6987 30.4475 6.0109 0.0 1.8008 VFID1009-NGC3990 1
25.4954 0.0136 26.4757 0.0072 7.0217 0.0115 5.1878 0.0817 1.5824 0.0238 0.6086 0.0048 75.37 0.6166 -40.7756 13.793 0.0 2.6517 VFID1016-NGC3398 1
20.46 0.1488 24.3721 0.2137 10.7475 0.0879 3.5278 0.4081 0.667 0.1334 0.6967 0.0527 27.1922 10.9988 -3.797 9.5103 0.0 1.2461 VFID1031-SBS1204+554A 1
45.5495 0.0288 46.0674 0.0564 9.236 0.0454 3.7053 0.2276 1.2934 0.0834 0.6846 0.0184 -21.2208 3.7419 30.9507 5.1003 0.0 1.4376 VFID1049-UGC06774 1
24.612 0.0242 23.4906 0.0369 8.1434 0.0084 4.3893 0.0549 0.4819 0.0131 0.5834 0.0064 32.755 0.8525 21.9639 10.3305 0.0 1.358 VFID1050-UGC04267 1
48.6394 0.1362 47.2164 0.0712 8.5381 0.0191 7.9028 0.2131 0.559 0.0294 0.3918 0.0083 -62.4709 0.9227 6.315 4.6731 0.0 1.2395 VFID1053-UGC04800 1
42.4154 0.0119 41.459 0.0302 7.7662 0.0081 5.0057 0.0583 0.7455 0.0118 0.4181 0.0031 -22.5748 0.3908 -18.0761 5.4131 0.0 1.348 VFID1080-UGC05369 1
64.6996 0.1073 64.1086 0.0574 7.4691 0.0122 12.3621 0.2111 0.7673 0.0193 0.5319 0.0056 -71.7266 0.8047 -5.2934 2.8018 0.0 1.1521 VFID1097-HolmbergV 1
24.7249 0.0191 24.477 0.0175 8.0819 0.0068 3.1208 0.0321 0.5772 0.0127 0.9148 0.0078 35.9582 4.3834 12.8592 8.5558 0.0 1.2617 VFID1120-SBS1245+542 1
29.4536 0.0282 30.4921 0.0408 8.098 0.0116 4.4245 0.0683 0.712 0.0189 0.7222 0.0071 17.6976 1.59 6.9798 7.387 0.0 1.231 VFID1126-UGC06518 1
20.6722 0.0776 21.6031 0.1433 10.2826 0.0344 3.6325 0.1695 0.4345 0.0507 0.5329 0.0246 11.7024 2.6771 24.0144 7.8453 0.0 1.1077 VFID1157-SBS1418+536 1
54.8272 0.3412 55.7664 0.1118 8.7999 0.0521 12.995 0.9009 0.9405 0.0741 0.3009 0.0113 72.3059 1.3328 -28.9962 4.2252 0.0 1.2424 VFID1159-UGC04514 1
39.4014 0.0218 40.9893 0.0196 7.0452 0.0038 6.8421 0.0382 0.5343 0.0063 0.5971 0.0029 47.4332 0.3774 9.4551 4.3872 0.0 1.3569 VFID1166-NGC5751 1
115.1524 0.0451 115.1895 0.0411 6.0668 0.0044 16.6013 0.1027 0.7195 0.0074 0.1658 0.0007 -47.9792 0.0713 10.1951 2.5358 0.0 2.291 VFID1182-UGC05459 1
18.8255 0.0503 18.7096 0.0362 9.6811 0.047 2.3293 0.141 1.1008 0.081 0.9396 0.0355 79.5711 26.5119 74.1794 13.3285 0.0 1.41 VFID1212-UGCA219 1
32.0374 0.0223 32.0284 0.0162 7.7476 0.0041 4.1635 0.0262 0.4762 0.0067 0.7411 0.0042 -86.2657 0.8212 32.7732 4.9538 0.0 1.7789 VFID1214-NGC5875A 1
7.233 0.0164 7.0314 0.0189 9.3232 0.0294 2.0808 0.0458 0.877 0.0249 0.8938 0.0132 47.7265 5.3097 179.7739 36.5978 0.0 2.1328 VFID1218-UGCA412 1
13.573 0.0378 14.1032 0.0503 10.1048 0.0599 2.4023 0.2007 1.34 0.1334 0.887 0.0413 2.2151 15.326 -34.7861 16.5754 0.0 1.2022 VFID1232-MRK1488 1
36.8555 0.4104 37.0062 0.07 8.6575 0.0532 18.2877 1.3021 1.0235 0.0731 0.1574 0.0057 87.8183 0.5689 7.2427 6.2664 0.0 1.2661 VFID1244-UGC06667 1
31.2872 0.0746 24.182 0.143 9.996 0.038 4.723 0.1437 0.2921 0.033 0.415 0.0136 -22.1881 1.6812 17.5093 4.5337 0.0 1.3797 VFID1256-UGC08639 1
65.1545 0.4614 65.2458 0.5214 9.085 0.0581 16.5823 1.3422 0.8047 0.0838 0.2285 0.0116 -40.9385 1.2577 13.3535 2.999 0.0 1.2358 VFID1283-UGC06399 1
38.5471 0.1228 39.9683 0.7704 12.3106 5.3544 10.4258 109.628 6.4776 27.651 0.5496 0.6335 -27.9279 63.0745 -14.7425 4.0806 0.0 1.1607 VFID1300-MCG+09-15-079 1
11.0204 0.0326 11.3271 0.0263 9.4687 0.0385 2.7664 0.0961 1.0347 0.0436 0.8231 0.017 59.4818 4.9048 -52.6471 21.331 0.0 1.3094 VFID1307-SBS1657+505 1
15.7048 0.0086 14.8036 0.0096 6.5989 0.0042 2.8801 0.0184 0.9377 0.009 0.7562 0.0033 1.6224 0.7491 204.1619 25.885 0.0 7.3776 VFID1309-SBS1653+505 1
28.4079 0.0195 28.2807 0.0147 8.3863 0.0114 3.172 0.0517 0.9162 0.0197 0.5919 0.0056 54.2922 0.8929 -7.7617 7.278 0.0 1.2998 VFID1312-UGC08880 1
35.2044 0.0514 35.4701 0.0341 7.927 0.0094 6.2509 0.0815 0.5377 0.0149 0.3788 0.0041 57.8364 0.4366 26.2822 6.6396 0.0 1.2664 VFID1314-UGC04505 1
20.9736 0.2462 17.5016 0.2072 9.8526 0.0504 7.6131 0.285 0.1804 0.0328 0.2596 0.0112 49.6041 0.9687 50.7691 9.6841 0.0 1.7621 VFID1327-UGC05998 1
23.5074 0.203 24.3387 0.2133 11.2102 0.147 2.5003 0.4642 0.7857 0.192 0.9519 0.1338 -42.7534 114.3499 29.9962 8.9107 0.0 1.2158 VFID1333-IC0705 1
32.1217 0.0102 31.812 0.0118 7.2447 0.0053 4.2611 0.0316 0.9327 0.0108 0.5971 0.0026 38.4703 0.4222 45.1491 6.5621 0.0 1.3889 VFID1340-NGC3870 1
66.0699 0.007 65.3714 0.0153 6.755 0.0046 5.7075 0.0381 0.9512 0.008 0.4352 0.0017 -22.9749 0.2058 64.7683 3.5694 0.0 2.176 VFID1352-IC0902 1
34.7225 0.0253 33.8952 0.0189 7.0916 0.004 5.5636 0.034 0.537 0.0065 0.7432 0.0038 -76.0797 0.7561 80.6991 6.0614 0.0 2.0526 VFID1354-NGC6283 1
15.1526 0.0277 14.8582 0.0272 9.2 0.0158 2.7687 0.0631 0.6747 0.0215 0.9807 0.0181 6.6404 38.5952 46.1568 11.9834 0.0 1.1398 VFID1370-SBS1443+499 1
48.4215 0.0696 48.8665 0.1779 8.8522 0.073 8.748 0.8613 1.3671 0.1113 0.5693 0.028 -10.966 3.7339 20.0302 5.7439 0.0 1.5179 VFID1379-UGC04587 1
18.4829 0.1358 18.8503 0.1145 10.0519 0.0915 3.6878 0.4374 1.0565 0.1367 0.7858 0.0569 -78.0424 13.545 52.9752 15.2362 0.0 1.2652 VFID1388-SBS0837+496 1
14.5155 0.0189 15.2525 0.0252 9.1818 0.0223 2.5407 0.0738 1.0849 0.0398 0.8504 0.0137 18.655 4.7597 -11.2453 13.4621 0.0 1.2694 VFID1424-SBS1445+491 1
46.2529 1.0798 44.6387 1.7529 11.0052 0.3016 5.157 2.2765 0.5247 0.4637 0.6074 0.212 4.4898 32.3486 64.6483 10.8053 0.0 5.9924 VFID1439-UGC05172 1
40.0723 0.0078 40.4637 0.01 5.9261 0.0016 5.91 0.0151 0.5349 0.0028 0.764 0.0017 -30.7337 0.3574 56.8242 5.4635 0.0 4.1877 VFID1465-NGC6155 1
14.1306 0.0406 14.7726 0.0465 10.0616 0.0252 2.5559 0.0853 0.7681 0.0382 0.8923 0.0219 22.8334 9.1522 6.8491 9.2545 0.0 1.1707 VFID1470-SHOC529 1
40.2316 0.326 40.7813 0.3309 10.3845 0.0748 5.6864 0.5734 0.4784 0.1134 0.3534 0.032 43.7728 3.1564 5.9348 5.7516 0.0 1.3248 VFID1497-UGC05791 1
44.5063 0.5404 46.2552 0.3062 8.8068 0.0903 15.3385 1.5015 0.9311 0.1071 0.4189 0.0215 60.4856 2.9143 -47.4659 6.7985 0.0 1.2618 VFID1504-UGC04922 1
33.5525 0.1176 32.9062 0.0592 9.183 0.0308 5.035 0.219 0.7155 0.0408 0.4283 0.0126 63.213 1.4847 103.8951 7.1918 0.0 1.2809 VFID1508-UGC04307 1
31.1804 0.0525 30.9741 0.1441 9.1611 0.034 5.3236 0.2582 0.759 0.06 0.3396 0.0111 7.5925 1.2439 69.3456 9.4275 0.0 2.102 VFID1510-KUG0857+479 1
45.5139 0.118 46.3871 0.1607 9.1056 0.1005 4.0261 0.5364 1.0518 0.1529 0.7195 0.0556 -9.5832 10.7875 105.4336 13.0984 0.0 9.5493 VFID1538-NGC3595 1
58.9968 0.0111 59.9745 0.0222 6.0397 0.0041 8.325 0.0484 0.8187 0.0066 0.4848 0.0017 24.8213 0.2348 27.1837 5.1629 0.0 2.3257 VFID1543-NGC3320 1
110.391 0.0054 110.4346 0.0068 6.7848 0.0074 5.49 0.0581 1.7292 0.0162 0.6932 0.0038 35.3215 0.5637 8.9385 1.7174 0.0 1.4712 VFID1550-NGC5377 1
41.9115 0.5415 41.8875 0.3215 10.4413 0.0807 7.0058 0.7964 0.4955 0.1208 0.4435 0.0443 -59.4893 4.7097 14.4558 4.3781 0.0 1.2204 VFID1554-UGC04659 1
73.9571 0.4946 82.228 0.3818 8.9836 0.0932 16.8361 1.5409 1.0313 0.089 0.7778 0.0419 79.2548 9.5701 13.8313 1.5355 0.0 1.1806 VFID1560-UGC10310 1
58.5312 0.3535 57.5796 0.162 9.3498 0.04 7.7841 0.4364 0.4713 0.0602 0.4358 0.0219 -79.8371 2.3663 19.2529 3.9581 0.0 1.4902 VFID1567-UGC05451 1
28.4744 0.2271 29.7568 0.1735 9.8969 0.3319 9.4306 3.203 1.799 0.4268 0.557 0.0796 -70.9617 9.1332 -55.7094 11.426 0.0 1.2085 VFID1575-UGC04258 1
22.6621 0.0064 23.3894 0.0051 7.6584 0.0066 2.2751 0.0199 1.18 0.0155 0.9508 0.0052 -61.7758 5.1063 -1.9312 8.9706 0.0 1.6342 VFID1578-CGCG243-020 1
27.015 0.1775 25.6541 0.0814 10.0856 0.0546 3.8244 0.2757 0.6689 0.0852 0.5269 0.0253 -71.3535 3.8772 12.1203 9.2823 0.0 1.3211 VFID1585-KUG1043+469 1
85.8755 0.0262 86.5117 0.0064 6.3792 0.0029 10.3641 0.039 0.6484 0.0047 0.2341 0.0007 81.6945 0.0667 9.5181 2.1349 0.0 1.4763 VFID1592-NGC5714 1
36.615 0.0059 37.3833 0.0102 7.3566 0.0036 3.9917 0.0204 0.8009 0.0065 0.5358 0.0016 -20.3701 0.25 28.4704 4.2294 0.0 1.6433 VFID1599-UGC09703 1
50.1674 0.0055 50.2829 0.0077 4.9731 0.0016 7.1706 0.0168 0.8582 0.0032 0.6746 0.0009 23.4338 0.1798 -11.7238 6.3932 0.0 3.1513 VFID1603-NGC4800 1
17.2762 0.319 20.0343 0.2776 9.8772 0.0564 6.6323 0.5436 0.5005 0.0907 0.4465 0.0311 -47.1147 3.453 5.2824 11.1763 0.0 1.1481 VFID1609-UGC04260 1
30.4926 0.0472 30.6753 0.0589 9.8757 0.0457 3.4504 0.2062 1.0493 0.0721 0.7173 0.025 24.1444 4.785 16.4994 5.0044 0.0 1.3942 VFID1655-UGC08876 1
18.4861 0.0386 19.349 0.0424 8.2257 0.0099 3.7713 0.0515 0.4569 0.0139 0.8817 0.0113 26.5899 4.2493 50.9028 13.3761 0.0 1.3157 VFID1662-KUG0917+461 1
23.1093 0.2049 21.8953 0.2774 9.945 0.0635 3.9234 0.3085 0.3671 0.0754 0.7516 0.0603 13.3529 10.7194 60.501 14.7395 0.0 2.5542 VFID1668-CGCG246-015 1
28.4472 0.7264 28.7304 0.3682 10.5362 0.2137 4.5623 1.3119 0.7417 0.3381 0.5118 0.0911 79.2157 13.103 109.6846 16.5339 0.0 25.0093 VFID1671-UGC10370 1
86.5342 0.0961 89.9376 0.5762 8.4729 0.0432 18.4809 1.0693 0.7626 0.0681 0.1689 0.0065 -5.4324 0.6544 9.1799 3.1061 0.0 1.5634 VFID1672-IC2233 1
21.6329 0.1354 21.8429 0.2538 11.1294 0.0852 3.257 0.3692 0.5826 0.1339 0.4957 0.038 5.3757 5.6322 -24.1705 8.6727 0.0 1.1946 VFID1675-MCG+08-25-008 1
17.3864 0.0249 16.5513 0.0244 9.1571 0.0215 3.1173 0.0893 0.9781 0.0342 0.707 0.0117 18.488 2.3112 -20.1606 11.6646 0.0 1.2051 VFID1686-SBS1428+457 1
16.7116 0.0601 14.6797 0.0756 9.9246 0.0279 2.9626 0.1137 0.6289 0.0392 0.7988 0.0229 1.286 6.0455 64.8302 9.6266 0.0 1.6377 VFID1694-CGCG249-027 1
14.805 0.0189 15.5471 0.0141 8.537 0.0181 2.7954 0.0668 1.2371 0.0352 0.8652 0.0109 48.2014 4.3562 -11.3644 17.6887 0.0 1.1799 VFID1702-UGCA208 1
46.5241 0.3304 43.4796 0.3905 8.6489 0.3241 31.9949 11.6051 2.0326 0.4274 0.2146 0.0195 40.7821 1.7988 -41.8246 6.8184 0.0 1.3297 VFID1704-UGC04753 1
21.5694 0.1565 20.9936 0.1615 10.4218 0.0552 3.4424 0.2676 0.4776 0.0771 0.5732 0.041 47.1822 5.249 39.6937 11.1934 0.0 1.2423 VFID1706-CGCG242-008 1
23.8898 0.5642 24.9989 0.2376 11.0687 0.1026 4.6546 0.65 0.4358 0.1479 0.4083 0.0546 87.3241 5.4627 9.0522 8.698 0.0 1.3438 VFID1707-KUG1045+454 1
27.4991 0.0408 27.5231 0.0653 9.8334 0.0184 3.8823 0.1014 0.5674 0.0277 0.6222 0.0127 -27.4015 1.9362 21.9961 3.7988 0.0 1.1693 VFID1721-CGCG249-035 1
43.9386 0.1371 42.5105 0.3444 10.4578 0.0589 6.357 0.5329 0.6233 0.0901 0.3867 0.0235 5.6676 2.6372 -31.9161 3.1404 0.0 1.3967 VFID1727-UGC09815 1
31.9926 0.2986 32.3155 0.1171 10.2047 0.045 5.9952 0.3686 0.4752 0.0694 0.3802 0.0213 -81.0855 2.099 -6.0525 5.3296 0.0 1.1353 VFID1732-UGC09251 1
14.8458 0.0223 14.9749 0.0176 8.9335 0.0253 2.47 0.0775 1.0841 0.0424 0.8283 0.0158 58.6731 4.5474 5.4242 18.4293 0.0 1.3579 VFID1752-UGC05953 1
19.259 0.0128 19.4797 0.0202 7.8842 0.0094 3.1814 0.0384 0.735 0.0146 0.7024 0.0056 -30.2793 1.0831 21.4713 13.9636 0.0 1.4993 VFID1758-KUG0924+447 1
26.2516 0.3245 28.7911 0.5085 10.7239 0.078 5.9621 0.5453 0.3612 0.0845 0.6241 0.0581 -5.1513 7.7169 -16.4767 5.4715 0.0 1.1296 VFID1795-UGC08798 1
24.8969 0.1956 24.7952 0.3017 11.242 0.1993 3.1277 0.8244 0.9791 0.2733 0.6051 0.0933 -19.9654 14.5501 27.7479 10.2493 0.0 1.9652 VFID1812-CGCG218-031 1
30.3614 0.313 30.1354 0.1353 10.9597 0.1062 5.2849 0.7467 0.8959 0.1482 0.4412 0.0345 -70.8219 4.6622 19.1426 4.5576 0.0 1.0964 VFID1813-UGC08767 1
36.3075 0.1923 37.3981 0.1759 9.0015 0.5705 21.8047 13.3124 2.3856 0.6963 0.5409 0.0585 -40.7741 6.5053 32.5538 11.4417 0.0 1.1696 VFID1819-UGC07271 1
56.6477 0.0768 56.4467 0.0886 9.2944 0.037 5.1697 0.2556 0.9931 0.0501 0.8583 0.0255 -9.8038 8.9126 -5.9071 2.5347 0.0 1.3804 VFID1825-UGC10437 1
63.2367 0.0672 63.5649 0.0578 9.0954 0.0932 5.833 0.7541 1.8214 0.1899 0.8057 0.0476 19.3646 10.8684 -34.3978 4.3761 0.0 1.3812 VFID1828-UGC03844 1
20.0051 0.062 23.517 0.0333 9.483 0.1131 5.5049 0.6812 2.0406 0.1856 0.6636 0.0349 36.6479 4.7335 44.0448 12.7705 0.0 1.3469 VFID1862-CGCG225-043 1
36.7405 0.0178 36.4463 0.0211 7.6819 0.0083 5.3178 0.0607 0.872 0.0133 0.3832 0.0025 39.2208 0.3061 -5.7617 5.7749 0.0 1.4646 VFID1864-UGC08656 1
39.0299 0.2524 40.9233 0.156 9.3813 0.0503 8.1822 0.5605 0.7559 0.074 0.2593 0.011 58.1211 1.1963 16.5062 6.2009 0.0 1.5212 VFID1875-UGC06383 1
47.3075 0.0129 47.2446 0.0095 7.9462 0.0081 3.4789 0.0383 1.0718 0.013 0.6886 0.0043 84.5316 0.816 2.5474 3.4284 0.0 1.2478 VFID1900-UGC08756 1
26.7929 0.046 28.4285 0.0262 9.1899 0.0302 3.7376 0.1499 1.0446 0.0473 0.5849 0.0132 65.1877 1.9209 -13.594 7.0955 0.0 1.1661 VFID1902-UGC07867 1
59.4948 0.1644 79.1171 1.0453 9.7795 5323.8965 49.5392 121457.4844 0.0123 0.0048 0.0792 0.003 9.6118 0.184 -42.0146 3.8483 1.0 1.2972 VFID1918-UGC04148 1
19.2143 0.009 18.9351 0.0104 7.9669 0.0078 2.4455 0.0273 0.913 0.0115 0.945 0.0056 -56.8488 6.0593 24.7909 12.2723 0.0 1.3725 VFID1929-UGC06805 1
20.4378 0.0213 18.5261 0.0176 8.2781 0.0139 3.5995 0.0708 1.0708 0.0237 0.6921 0.0079 63.2446 1.4238 2.7513 12.5497 0.0 2.3665 VFID1934-IZw097 1
48.9845 0.824 48.6118 0.2627 10.5328 0.0892 8.6943 1.0853 0.5003 0.1202 0.2816 0.0305 -72.4708 2.8478 2.1437 3.8393 0.0 1.183 VFID1940-UGC08365 1
21.8525 0.1083 21.8615 0.1667 10.5568 0.0666 3.0289 0.2694 0.6781 0.1041 0.6422 0.0375 -11.5868 6.7408 40.4891 9.7106 0.0 1.2239 VFID1942-KUG1143+421 1
52.531 0.0652 49.2998 0.1914 11.7445 0.5489 4.6287 3.7751 2.6654 1.6932 0.5195 0.1401 24.2822 14.3385 -15.6596 2.5355 0.0 1.139 VFID1950-UGC09637 1
22.0973 0.0179 27.8435 0.0219 8.6513 0.025 2.9029 0.0877 1.1826 0.0402 0.7671 0.0121 42.6578 2.8434 -0.8899 10.8941 0.0 1.5099 VFID1954-UGC04556 1
27.6482 0.1074 28.1186 0.0752 9.4945 0.0297 4.4339 0.1926 0.6018 0.0518 0.5849 0.0194 57.8438 2.6785 -20.5667 7.3213 0.0 1.1642 VFID1980-UGC08384 1
44.1297 0.0283 42.7833 0.0294 6.2301 0.0054 7.0843 0.0546 0.7463 0.0079 0.9372 0.0052 14.1299 3.9849 10.1606 7.9749 0.0 2.6701 VFID2001-NGC4625 1
45.0653 0.0226 45.0762 0.0122 6.9938 0.0046 6.1907 0.041 0.7218 0.0072 0.5372 0.0024 -72.3693 0.3335 53.8284 4.4015 0.0 2.0322 VFID2002-NGC5630 1
16.7854 1.3282 19.2407 1.7562 3.6588 25.2639 1067.833 17527.8945 2.6121 6.4254 0.2394 0.0583 -36.0323 4.7036 -235.1499 662.7839 0.0 1.2139 VFID2032-UGC08277 1
55.0936 0.0275 55.242 0.0161 6.9639 0.0094 7.4939 0.0975 1.157 0.0133 0.56 0.0039 -74.7101 0.5446 49.1964 4.3704 0.0 2.5358 VFID2039-NGC6339 1
35.5807 0.2515 34.191 0.1653 9.7848 0.0535 5.0852 0.3955 0.5694 0.0807 0.6605 0.0418 -66.2091 6.3716 7.2393 6.948 0.0 1.2577 VFID2047-UGC04176 1
47.5673 0.0143 47.4845 0.0265 6.7317 0.0034 7.1306 0.0346 0.5103 0.0052 0.51 0.0021 -2.9386 0.2518 22.5947 4.4782 0.0 1.6712 VFID2060-NGC5704 1
38.4366 0.0152 38.624 0.0184 7.1955 0.0078 6.4198 0.0686 1.0549 0.0118 0.7647 0.0045 38.1029 1.0616 11.479 5.0519 0.0 1.8787 VFID2063-NGC5950 1
39.4916 0.0134 40.1971 0.0095 5.8251 0.0019 7.5029 0.0163 0.3566 0.0019 0.7113 0.0016 -58.0732 0.2565 42.9944 5.4021 0.0 3.0217 VFID2094-NGC6675 1
17.605 0.1292 15.3541 0.386 10.1793 0.0578 6.6863 0.5351 0.4827 0.0932 0.2694 0.0186 17.3929 1.7814 -87.8683 15.5743 0.0 1.1612 VFID2095-KUG1107+403 1
48.4194 0.4316 46.7178 0.2366 9.9231 0.0505 7.742 0.5762 0.5158 0.0778 0.5357 0.0333 76.6925 4.1869 38.1135 3.4572 0.0 1.1331 VFID2098-UGC06455 1
56.8296 0.7198 60.0638 0.1525 9.7294 0.0538 11.8725 0.8674 0.4693 0.0803 0.2144 0.0143 -80.1264 1.2595 11.6724 3.3694 0.0 1.3008 VFID2099-UGC07774 1
34.4245 0.0459 24.4725 0.0755 7.6604 0.3304 25.3204 9.4735 3.0336 0.4483 0.5757 0.0261 11.6311 3.0006 -53.5728 20.5646 0.0 1.3372 VFID2118-UGC04889 1
14.9966 0.4494 19.0624 0.2131 10.1327 0.0667 7.6526 0.4502 0.2988 0.0653 0.381 0.0247 -89.0364 2.788 -26.356 12.9257 0.0 1.1832 VFID2122-UGC07678 1
15.3611 0.2041 15.5533 0.3316 11.32 0.1206 3.0445 0.498 0.4908 0.1723 0.5325 0.0723 31.4714 9.7701 31.0756 17.6437 0.0 1.3864 VFID2126-KUG1010+400 1
66.8382 0.0608 66.9556 0.0818 8.7683 0.0777 8.6218 0.9265 1.7586 0.1408 0.531 0.0232 -4.5738 3.0877 -13.4492 3.8926 0.0 1.5657 VFID2129-UGC06792 1
25.999 0.2226 26.1793 0.17 9.664 0.0489 5.9881 0.2576 0.3187 0.0451 0.6191 0.0277 -65.165 4.4399 -19.1634 10.1085 0.0 1.2101 VFID2131-KUG1154+400 1
127.7871 0.6429 127.1559 0.2084 8.9298 0.0537 25.3221 1.7439 0.9572 0.0674 0.1101 0.0043 72.1417 0.4323 11.4691 1.1952 0.0 1.2464 VFID2159-UGC09242 1
44.9468 0.1127 44.817 0.0439 9.0274 0.0319 5.7159 0.2537 0.8524 0.0499 0.3739 0.0099 -76.3404 1.1581 37.9453 5.2992 0.0 1.2724 VFID2160-UGC04970 1
29.6158 0.0865 28.9701 0.1008 9.4789 0.0415 5.3677 0.2953 0.8808 0.0674 0.3405 0.0112 42.126 1.2292 36.6586 7.9496 0.0 1.3539 VFID2166-IC4204 1
60.2157 0.0039 59.8383 0.0042 5.2958 0.0012 3.9613 0.0083 0.845 0.0036 0.8762 0.0014 -29.0741 0.5287 74.7432 4.563 0.0 2.1398 VFID2174-NGC4369 1
93.345 2.0238 103.3658 1.8983 8.7518 0.2559 74.099 10.7686 0.045 0.026 0.0797 0.0043 -46.7686 0.2506 38.7961 1.9908 1.0 1.3464 VFID2192-UGC04704 1
14.7141 0.0763 15.6315 0.0747 9.8093 0.1123 3.8432 0.3898 1.157 0.1157 0.7576 0.0406 -60.3261 9.1782 -4.868 24.4042 0.0 1.25 VFID2205-MRK0407 1
31.3469 0.0367 33.8173 0.1026 8.9662 0.0279 4.9559 0.1898 0.7138 0.0366 0.4195 0.0108 -18.2242 1.3037 37.2524 8.7884 0.0 1.3036 VFID2215-UGC04783 1
13.887 0.4769 11.2166 0.3471 10.0532 0.0694 10.6886 0.5404 0.1411 0.0408 0.2391 0.0144 52.9849 1.0404 -1.5336 21.0037 0.0 1.1899 VFID2230-UGC08793 1
24.3382 0.0911 25.0601 0.1332 10.4195 0.0743 2.4335 0.2221 0.7237 0.0882 0.7848 0.056 -23.8024 12.3515 40.2332 10.5599 0.0 1.3168 VFID2259-KUG1127+385 1
11.8129 0.1539 12.4228 0.0883 7.9359 6.3077 72.6529 535.9786 5.1295 8.2051 0.8928 0.158 77.1033 47.1012 -47.163 140.1894 0.0 1.2498 VFID2266-UGC07816 1
158.2966 2.3789 148.5992 0.377 9.3678 0.1366 30.4784 5.3172 0.8526 0.1896 0.1613 0.0168 -82.6678 1.7261 21.5697 1.4377 0.0 1.2576 VFID2268-UGC06955 1
35.6068 0.0505 34.1269 0.1177 8.683 0.0153 6.9319 0.1359 0.3798 0.0195 0.3515 0.0071 -22.0268 0.6678 7.2099 5.9779 0.0 1.2574 VFID2272-UGC06307 1
43.9672 0.0516 41.8341 0.0855 8.1971 0.0394 9.9109 0.522 1.442 0.0627 0.5075 0.0129 31.8156 1.5394 -0.982 6.3348 0.0 1.3015 VFID2290-NGC4025 1
68.6157 0.3912 67.3271 0.4795 9.0898 0.0556 12.419 0.9896 0.6687 0.0889 0.328 0.0177 38.6136 2.0061 4.343 3.7735 0.0 1.3294 VFID2318-UGC05349 1
34.9193 0.6583 34.3999 0.6626 11.9827 0.4532 2.6554 0.5939 0.0649 0.3348 0.6928 0.1981 14.5712 39.1098 178.2831 15.6357 0.0 10.5058 VFID2319-UGC10477 1
72.7858 0.0091 72.6245 0.0112 6.4681 0.0043 6.5058 0.0405 1.0613 0.0072 0.3513 0.0012 -37.3188 0.1331 5.8197 3.5324 0.0 1.4358 VFID2326-IC2461 1
60.2372 1.602 63.3782 0.231 9.8345 0.0948 17.6172 2.2212 0.5779 0.1502 0.1438 0.0146 84.2912 1.3671 5.7978 3.7281 0.0 1.3507 VFID2347-UGC07125 1
23.3889 0.0088 23.3843 0.0104 8.3897 0.0141 2.3572 0.0458 1.3472 0.0372 0.8869 0.0102 30.2212 4.2581 19.8649 9.5388 0.0 1.385 VFID2348-MRK0465 1
48.2831 0.0346 48.3384 0.0525 7.9479 0.0109 5.8319 0.0924 0.6386 0.0185 0.6355 0.0074 33.5509 1.1957 31.5929 4.5639 0.0 1.2746 VFID2357-UGC06517 1
20.5391 0.306 34.4816 0.4597 10.7397 0.0445 17.5673 0.0055 0.0247 0.0065 0.1786 0.0148 32.167 0.7119 15.1765 8.8028 1.0 1.1985 VFID2380-UGC05394 1
12.9843 0.0239 13.2062 0.0234 8.9256 0.0246 2.2634 0.0737 0.9911 0.0388 0.8448 0.0225 8.6818 5.5437 106.7487 26.3561 0.0 1.6622 VFID2384-MRK0627 1
50.2234 1.041 46.6492 0.1465 11.0452 0.4797 14.6179 10.1799 1.8513 1.1065 0.0691 0.0204 -81.4085 1.6942 -16.7357 5.4452 1.0 1.3971 VFID2408-UGC04953 1
25.4013 0.2807 25.8775 0.2381 12.4023 0.3002 2.0779 0.7565 0.7998 0.5952 0.351 0.1038 52.7365 10.1308 21.4947 9.7601 0.0 1.4548 VFID2433-KUG1128+362 1
31.6394 0.6024 25.0428 2.4172 9.8661 0.4697 26.5991 13.1756 1.0373 0.4472 0.0878 0.0155 14.1604 1.4321 -12.7447 8.7914 1.0 1.3546 VFID2446-UGC04537 1
24.0631 0.0623 24.0768 0.0788 10.2078 0.0472 2.7408 0.1723 0.8535 0.0649 0.7333 0.0287 10.6517 5.8851 63.9702 7.4457 0.0 1.479 VFID2449-LCSBS2028P 1
24.1371 0.0281 26.0459 0.0566 8.907 0.0206 5.6221 0.1527 0.9199 0.0242 0.4631 0.0068 27.6464 0.9374 -12.1455 6.72 0.0 1.2085 VFID2470-UGC09562 1
31.1994 0.006 30.3519 0.0072 5.8587 0.003 3.101 0.0132 0.7842 0.0049 0.7373 0.0022 -45.0399 0.4924 306.6233 16.459 0.0 4.9239 VFID2478-UGC04306 1
39.0608 0.0789 38.8546 0.0766 10.1589 0.0679 2.7615 0.266 0.8758 0.0989 0.7991 0.0452 -55.5261 12.065 29.833 6.0319 0.0 1.3562 VFID2481-UGC06827 1
52.2849 0.0381 50.1274 0.0147 7.5631 0.0076 5.4848 0.0573 0.6458 0.013 0.3878 0.0031 87.381 0.3402 -27.2661 5.1411 0.0 1.488 VFID2493-UGC06526 1
28.7031 0.2301 28.3285 0.1749 11.066 0.1448 3.1236 0.5881 0.8046 0.1983 0.7107 0.0823 52.7638 16.5884 87.5718 7.711 0.0 1.5879 VFID2498-UGC09235 1
25.254 0.0232 25.1201 0.0314 7.6482 0.009 4.617 0.0609 0.7333 0.0151 0.6803 0.0058 30.1657 1.1447 39.9259 11.475 0.0 1.3613 VFID2500-UGC05738 1
46.8224 0.0528 46.7469 0.0598 9.0023 0.053 5.3007 0.3792 1.5368 0.0883 0.9587 0.0298 -21.6799 35.2272 13.5497 4.2366 0.0 1.2566 VFID2503-NGC5580 1
18.3836 0.0606 20.1159 0.1111 9.4696 0.0446 4.0398 0.2442 0.9059 0.0732 0.5613 0.021 8.9783 2.9902 -3.1464 15.0103 0.0 1.2805 VFID2505-MRK0426 1
35.4029 0.0298 36.0966 0.0866 8.1713 0.0118 7.2868 0.1218 0.5852 0.0196 0.356 0.0047 -10.427 0.485 28.2958 5.9367 0.0 1.2172 VFID2509-UGC08693 1
33.27 0.0697 33.8221 0.0552 8.1922 0.0153 4.9214 0.1062 0.6485 0.0237 0.8521 0.0138 -77.7482 4.7501 84.7611 7.502 0.0 1.2869 VFID2521-UGC05870 1
31.4454 0.0109 28.6545 0.0127 8.3061 0.0208 3.2916 0.0945 1.6619 0.0514 0.8514 0.0125 41.2738 3.6261 27.6307 8.911 0.0 1.3751 VFID2533-UGC08323 1
60.1243 0.0232 61.0587 0.0158 6.2348 0.0075 8.7756 0.0876 1.2293 0.0113 0.6733 0.0035 75.3218 0.5934 -25.6506 4.6775 0.0 1.5753 VFID2546-NGC3381 1
27.1226 0.1027 28.148 0.2222 10.2982 0.0894 4.2418 0.4846 0.8526 0.1189 0.4563 0.0293 -6.881 4.1167 -33.6102 9.502 0.0 1.1957 VFID2549-UGC04720 1
51.9201 0.328 53.0856 0.4241 9.9305 0.0804 10.9405 0.4673 0.07 0.0331 0.2781 0.0152 -38.9895 1.1777 -17.1349 4.7624 0.0 1.1865 VFID2555-UGC04777 1
39.0072 0.0195 39.6783 0.0409 8.4447 0.0112 4.2782 0.068 0.6869 0.0202 0.4676 0.0053 15.5162 0.646 14.8134 5.2816 0.0 1.2856 VFID2562-UGC05990 1
131.3146 0.3823 136.732 0.2337 11.7784 0.195 3.3443 7.5032 0.0393 0.2216 0.5759 0.1122 -78.6701 10.1881 16.1627 1.8812 1.0 1.5772 VFID2563-UGC05829 1
32.213 0.4151 32.0171 0.4434 10.4002 0.0941 6.8662 0.5587 0.2322 0.0662 0.3505 0.0329 -43.8111 2.909 27.613 7.8203 0.0 1.3329 VFID2571-UGC06512 1
17.0262 0.0096 16.344 0.0109 6.4348 0.0032 3.4927 0.016 0.6727 0.0058 0.8926 0.003 24.5399 1.4164 216.9362 23.4072 0.0 2.225 VFID2593-NGC3442 1
44.1158 0.4475 44.054 0.2142 10.0434 0.0972 9.4387 1.2643 0.9658 0.16 0.2508 0.0196 64.3074 2.0357 11.7125 4.7205 0.0 1.2215 VFID2603-UGC08662 1
49.1123 0.0089 49.3066 0.0076 5.2033 0.0031 2.9979 0.0173 2.0362 0.0215 0.9627 0.0028 82.1273 3.3183 64.1634 6.1519 0.0 2.8507 VFID2622-NGC5347 1
50.4393 0.2241 51.9063 0.2272 9.529 0.1543 7.1095 1.4446 1.3841 0.2499 0.9477 0.0997 14.8779 87.2325 10.7563 5.7589 0.0 1.3232 VFID2638-UGC04787 1
40.0088 0.3638 38.6912 0.4528 9.8938 0.0834 8.8156 0.5082 0.144 0.0464 0.4739 0.0316 -36.2702 3.3387 -19.6082 5.878 0.0 1.269 VFID2656-UGC05393 1
53.3779 0.0769 52.3879 0.0294 8.3519 0.0133 6.1533 0.1143 0.6377 0.0222 0.3807 0.005 87.6315 0.5896 25.0749 3.9507 0.0 1.4049 VFID2661-UGC08630 1
29.3616 0.0423 28.931 0.066 9.6485 0.0328 3.1784 0.1374 0.8064 0.0468 0.6547 0.0171 25.3305 3.2731 16.7645 6.6791 0.0 1.2137 VFID2677-KUG1352+331 1
48.8779 2.2759 39.3845 0.4254 10.7272 0.1409 14.8364 2.6212 0.3588 0.1785 0.1557 0.0284 -79.1416 2.2499 10.1742 5.945 0.0 1.1743 VFID2680-UGC08181 1
13.2734 0.2314 12.8743 0.3058 10.6291 0.1769 5.3911 0.6321 0.6584 0.1245 0.5961 0.0486 -36.5177 7.1492 81.9549 19.6335 0.0 1.1569 VFID2687-UGC09647 1
30.6785 0.0067 30.8602 0.0084 6.3613 0.0036 2.3721 0.014 1.4213 0.0159 0.9333 0.0046 26.0581 2.8196 81.1286 10.7124 0.0 2.8401 VFID2718-NGC3935 1
59.8394 0.0112 62.1349 0.0056 4.6756 0.0016 6.8398 0.0132 0.5265 0.0025 0.4866 0.0008 -81.3818 0.0991 62.7871 8.3024 0.0 5.3003 VFID2723-NGC3067 1
25.5326 0.031 24.7444 0.0315 8.4511 0.02 3.1586 0.0853 0.9391 0.0304 0.9368 0.0145 37.9884 12.6256 24.5665 11.4598 0.0 1.3499 VFID2734-NGC3011 1
27.0101 0.1751 26.2231 0.2479 9.0498 0.1737 10.0569 1.4679 1.3028 0.1462 0.6407 0.0376 0.9496 6.0945 -14.5988 14.4691 0.0 1.2521 VFID2744-UGC07428 1
20.6767 0.0165 21.0503 0.0271 8.6547 0.0284 3.3078 0.1342 1.4246 0.0567 0.8024 0.0142 21.4783 4.0035 -27.9148 13.7583 0.0 1.3421 VFID2746-NGC4509 1
31.9132 0.2244 31.5234 0.1482 9.4043 0.0375 6.8003 0.3559 0.5449 0.0607 0.3635 0.0156 -56.3178 1.612 58.9066 7.1725 0.0 1.2995 VFID2757-UGC06658 1
52.3604 0.0718 30.872 0.1042 10.3358 0.0922 2.7424 0.3242 1.0419 0.1469 0.777 0.0555 37.872 13.8888 -10.0055 6.0251 0.0 1.3168 VFID2765-UGC05934 1
25.7125 0.0362 26.6117 0.0352 8.8785 0.0131 4.5133 0.0837 0.6897 0.0209 0.4865 0.0063 45.4952 0.804 16.2219 5.9516 0.0 1.0991 VFID2779-IC4509 1
41.3107 0.9086 42.7043 0.239 10.7113 0.0889 9.0054 1.0589 0.4 0.1232 0.1939 0.0226 -75.2797 1.889 42.0634 4.6021 0.0 1.2036 VFID2781-UGC08608 1
18.605 0.0127 17.2845 0.0088 7.0247 0.0038 3.882 0.0219 0.6135 0.0067 0.6756 0.003 -60.1451 0.4949 134.9824 15.4837 0.0 3.3085 VFID2782-NGC5974 1
41.9597 0.0974 41.7552 0.0333 7.5241 0.0109 11.7212 0.1819 0.7207 0.017 0.2596 0.0027 -71.2828 0.2823 -6.8576 5.6692 0.0 1.3243 VFID2797-NGC4359 1
26.1336 0.1594 27.5729 0.219 9.8305 0.0586 6.052 0.4897 0.7238 0.0876 0.4385 0.0233 35.9299 2.8545 -5.343 8.6048 0.0 1.2049 VFID2820-KUG1157+315 1
16.9437 0.0109 17.4652 0.0092 7.2529 0.0068 2.4054 0.0231 0.9408 0.0131 0.8577 0.0057 53.6038 1.9712 93.9318 22.9103 0.0 2.2068 VFID2824-FBQSJ085533.2+311242 1
17.4038 0.4571 17.9137 0.3288 12.185 0.2276 3.2023 4.4016 0.0482 0.1819 0.6118 0.1317 -86.0584 13.2093 18.4726 11.9627 1.0 1.1738 VFID2825-CGCG149-040 1
36.5544 0.0103 37.1439 0.0082 7.2921 0.0047 3.3239 0.0226 0.8007 0.0088 0.65 0.0029 49.967 0.519 -9.3348 6.406 0.0 1.4163 VFID2882-UGC06271 1
61.2718 0.0923 60.2251 0.0586 7.1235 0.0085 11.2478 0.1411 0.5297 0.0136 0.5773 0.0059 57.8454 0.8311 6.5109 3.8431 0.0 1.3061 VFID2883-NGC4525 1
29.4496 0.0183 29.1395 0.015 7.7281 0.0091 3.8699 0.0494 1.0019 0.013 0.7226 0.0049 -83.4584 1.1415 46.8702 7.8278 0.0 1.2292 VFID2885-NGC5089 1
26.6631 0.0675 27.5344 0.1458 9.6804 0.0317 4.1311 0.1949 0.4752 0.0472 0.432 0.0169 -11.8937 1.8901 -11.2538 9.7773 0.0 1.2087 VFID2887-CGCG148-111 1
47.1055 0.4409 48.6688 0.3405 9.1348 0.3623 18.9364 7.0581 1.7645 0.4019 0.4717 0.0571 52.5797 6.0193 24.8173 7.3759 0.0 1.2476 VFID2891-UGC05478 1
111.5834 0.0361 112.1607 0.0319 7.4175 0.008 6.8411 0.0719 0.6457 0.0128 0.3178 0.0025 48.9824 0.2678 30.3656 2.3512 0.0 1.3702 VFID2893-UGC04559 1
43.4377 0.1047 44.4422 0.2449 9.8137 0.0494 5.8609 0.3889 0.6361 0.0765 0.2982 0.0146 -22.4988 1.5739 -91.2948 5.49 0.0 1.4637 VFID2925-UGC07041 1
17.174 0.0152 17.6447 0.0178 8.1731 0.0111 2.7423 0.0411 0.8041 0.0161 0.8233 0.0079 -21.9154 2.3634 73.2007 15.2626 0.0 1.2771 VFID2966-IC2429 1
22.8012 0.0552 23.6629 0.0603 9.3972 0.0486 2.9706 0.2027 1.1534 0.0894 0.7922 0.0282 7.7497 7.5231 33.1285 12.9998 0.0 1.3455 VFID2980-KUG0933+293 1
56.4345 0.194 58.4546 0.2421 8.207 0.024 11.4117 0.3485 0.4066 0.0291 0.7601 0.0226 -39.7809 4.3385 24.2882 3.7076 0.0 1.258 VFID2992-UGC10445 1
20.162 0.0345 20.0916 0.031 8.6146 0.0201 2.9577 0.0747 0.8712 0.0282 0.8633 0.0131 77.4786 5.5286 44.0431 13.6509 0.0 1.3746 VFID2996-UGCA201 1
31.0189 0.1469 32.2767 0.165 8.6346 0.0228 6.2526 0.1932 0.4332 0.0296 0.8866 0.0266 13.0628 9.9298 -25.416 7.9838 0.0 1.2141 VFID3008-UGC07072 1
65.2734 0.1367 66.3283 0.0485 7.6062 0.0145 10.8483 0.2281 0.6751 0.0246 0.3467 0.0052 84.0599 0.5471 -2.4176 4.0657 0.0 1.3722 VFID3035-NGC3026 1
29.0953 0.0606 29.6263 0.0689 9.0088 0.0261 4.6157 0.1621 0.7384 0.038 0.424 0.0095 40.9003 1.2157 -31.2298 8.7323 0.0 1.2904 VFID3042-UGC06241 1
18.5587 0.119 19.1389 0.1657 10.5579 0.049 4.0182 0.2829 0.5525 0.0779 0.4951 0.0283 -35.5679 3.2914 -8.0284 8.913 0.0 1.1807 VFID3049-HARO43 1
23.0417 0.0381 23.4812 0.0298 8.663 0.0149 2.9517 0.0631 0.6964 0.0238 0.8455 0.0131 75.9054 4.0557 -31.6477 10.3231 0.0 1.1653 VFID3054-UGC06637 1
47.132 0.0618 47.534 0.1196 8.0187 0.0224 10.3132 0.3138 0.8719 0.0327 0.4343 0.0072 -25.7919 0.9648 -58.3735 5.0549 0.0 1.2572 VFID3065-NGC5117 1
31.4 0.8017 33.4388 0.3114 11.8502 0.2437 4.9626 0.7158 0.0599 0.1304 0.3435 0.0589 -73.9304 5.831 33.5954 7.2908 0.0 1.2795 VFID3076-UGC05844 1
32.6007 0.1839 32.8732 0.2522 10.6004 0.0811 3.9728 0.2789 0.1735 0.0594 0.4728 0.0411 -38.9333 3.8028 -19.5317 9.1399 0.0 1.3501 VFID3079-UGC04395 1
47.9819 0.0283 46.491 0.0137 7.6459 0.0086 4.3658 0.0499 0.7075 0.0119 0.5525 0.0044 74.9454 0.6034 1.007 5.4856 0.0 1.2899 VFID3106-IC2361 1
23.3115 0.0229 10.5124 0.0216 10.0653 0.0598 2.3837 0.1922 1.5412 0.172 0.8021 0.0344 37.0748 8.1568 57.7296 7.702 0.0 1.3158 VFID3112-UGC09676 1
28.8234 0.5477 33.5481 0.2153 10.3722 0.2177 8.6384 2.5349 1.3591 0.3504 0.4162 0.064 -73.598 6.8928 -3.5998 8.2794 0.0 1.2792 VFID3120-PGC10046387GROUP 1
27.9414 0.2622 29.2396 0.7051 8.6837 0.9984 35.7711 34.9709 2.1723 0.9277 0.3225 0.0453 17.0488 4.3865 -68.3642 21.4851 0.0 1.3541 VFID3121-UGC06138 1
26.0283 0.0607 26.6065 0.0826 8.864 0.0299 4.0282 0.1625 0.7315 0.0471 0.7406 0.0193 30.2162 4.2141 -4.1377 12.1156 0.0 1.3683 VFID3122-KUG0830+278 1
26.7611 0.0162 26.8864 0.0156 6.2727 0.0035 4.5545 0.0166 0.3365 0.003 0.9414 0.0037 -77.689 2.5983 217.4885 14.1888 0.0 3.2581 VFID3132-NGC4275 1
22.3685 0.0511 21.5231 0.1258 8.5968 0.2093 14.1365 3.0007 2.0867 0.2497 0.3606 0.0191 12.0149 1.8397 -31.607 22.0649 0.0 4.0442 VFID3134-CGCG166-060 1
30.8987 0.0123 30.0174 0.0097 6.762 0.0041 3.9009 0.023 0.8029 0.0075 0.7824 0.0029 71.1631 0.7709 15.7951 9.22 0.0 1.7567 VFID3167-NGC4670 1
36.6843 0.0631 37.5587 0.0379 7.5636 0.0088 7.5712 0.0961 0.5167 0.0134 0.5131 0.0055 -58.9767 0.6496 -4.7953 6.5801 0.0 1.3443 VFID3175-NGC4080 1
59.4562 0.0268 58.9702 0.0278 6.6715 0.0039 8.8588 0.0421 0.3992 0.0055 0.3697 0.0017 42.8411 0.1739 30.0854 4.232 0.0 1.6713 VFID3176-NGC5116 1
54.4448 0.0572 51.6225 0.0515 7.164 0.0086 8.7045 0.1117 0.6045 0.0141 0.7399 0.0075 45.9755 1.4836 10.7733 4.6012 0.0 1.3366 VFID3177-NGC3629 1
26.3477 0.0897 26.3331 0.0558 8.1239 0.0172 4.441 0.112 0.477 0.0251 0.6192 0.0143 -78.9391 1.9415 147.6849 17.344 0.0 4.6409 VFID3188-KUG1309+269 1
29.0292 0.0111 29.4823 0.0131 7.4454 0.0094 2.9967 0.0351 1.0736 0.0151 0.8455 0.0064 -10.6891 1.9835 6.9186 10.1959 0.0 1.4703 VFID3216-NGC2824 1
31.2667 0.5171 30.8621 0.4557 9.7824 0.0883 7.534 0.5361 0.2894 0.0639 0.7527 0.0589 -70.0281 12.2174 33.967 8.3407 0.0 1.3757 VFID3220-UGC07138 1
50.5133 0.0344 33.7262 0.095 7.3443 2.8046 261.7019 1104.3918 7.8582 6.4892 0.5899 0.0787 20.7065 7.4477 22.0491 14.397 0.0 1.4351 VFID3231-IC3215 1
9.455 0.0454 11.1873 0.041 8.5932 0.0428 2.3055 0.0969 0.7902 0.0467 0.8916 0.0225 17.6816 11.5544 790.1073 88.0846 0.0 5.8502 VFID3242-NGC2735A 1
45.1953 0.0139 44.3973 0.0092 5.4038 0.0019 6.2683 0.0175 0.5334 0.0032 0.6757 0.0016 77.8498 0.2631 46.177 8.3331 0.0 3.3281 VFID3272-NGC3689 1
37.3459 0.0105 37.6279 0.0067 6.4581 0.0026 4.8825 0.0191 0.6914 0.0045 0.6035 0.0017 -64.8347 0.2482 7.1865 6.08 0.0 1.5461 VFID3287-UGC10721 1
19.4153 0.278 18.7565 0.4231 10.814 0.1125 3.4432 0.5527 0.5577 0.1614 0.6971 0.0906 6.8346 16.0307 105.3572 15.3721 0.0 1.7814 VFID3288-KUG1128+257 1
28.4321 0.0453 26.889 0.0856 8.8517 0.0506 6.3968 0.4386 1.3542 0.0809 0.5507 0.019 31.9496 2.5051 19.6156 10.4432 0.0 1.3262 VFID3298-UGC07040 1
40.9718 0.0097 40.5233 0.011 7.2951 0.0057 2.8978 0.0224 0.8663 0.0101 0.7806 0.0042 -9.8067 0.9982 19.888 6.5622 0.0 1.3906 VFID3299-IC2450 1
66.4158 0.0767 62.5074 0.0192 6.628 0.0048 14.4085 0.0803 0.3674 0.0057 0.241 0.0014 -87.3233 0.1218 16.8288 3.8767 0.0 2.5419 VFID3309-NGC5523 1
15.9328 0.1002 15.6262 0.1133 9.7003 0.0453 2.1341 0.1427 0.4852 0.065 0.9049 0.0587 5.0848 24.9615 -309.2478 30.4595 0.0 3.7789 VFID3321-CGCG121-027 1
23.5048 0.0377 24.81 0.0246 7.8004 0.0083 4.0373 0.0499 0.4892 0.0114 0.6306 0.0073 74.0692 1.0459 -18.8069 14.2124 0.0 1.7371 VFID3328-IC0508 1
26.4214 0.4495 26.8443 0.4872 11.7655 6966.1675 5.7198 18349.4414 0.0072 0.0268 0.8384 0.1184 -31.4347 34.4306 43.0711 9.8988 1.0 1.2788 VFID3345-UGC08249 1
21.6522 0.0877 22.3369 0.0787 10.3685 0.142 3.5548 0.7185 1.7267 0.3269 0.8577 0.0809 -31.4462 24.4974 -1.3392 10.8684 0.0 1.1902 VFID3355-CGCG141-043 1
70.2665 0.0746 70.4586 0.0383 8.4095 0.0369 6.0574 0.2933 1.2597 0.059 0.5307 0.0137 87.503 1.7393 0.9539 3.8832 0.0 1.3925 VFID3360-NGC3098 1
34.7759 0.0455 34.6864 0.0649 8.1151 0.0176 6.555 0.1558 0.8166 0.0264 0.7111 0.0096 32.5492 2.1201 28.1169 6.5332 0.0 1.277 VFID3374-UGC11029 1
24.5928 0.0487 23.8626 0.0795 8.6515 0.018 4.228 0.1099 0.5716 0.0289 0.6082 0.013 3.8852 1.7975 -65.6918 11.9035 0.0 1.4127 VFID3384-IC2256 1
47.7285 0.0154 48.4661 0.0107 6.1787 0.0034 6.6604 0.0315 0.7273 0.0053 0.716 0.0022 57.871 0.4615 -20.2592 5.285 0.0 1.3618 VFID3391-NGC5016 1
47.3717 0.0169 47.7436 0.0221 6.7844 0.0048 6.6281 0.045 0.6793 0.0082 0.5662 0.0027 -36.3521 0.3853 -1.1091 5.1406 0.0 1.3719 VFID3392-NGC3701 1
54.1078 0.0408 54.1232 0.1148 8.2532 0.0227 7.6955 0.2366 0.8486 0.036 0.35 0.0066 -6.4166 0.7611 62.0241 5.2968 0.0 1.3446 VFID3404-UGC04054 1
53.5068 1.1333 44.9743 2.3749 10.6117 2277.343 37.3129 39132.1445 0.0337 0.0078 0.058 0.0056 25.4251 0.3704 46.9687 4.8592 1.0 1.3223 VFID3410-UGC06782 1
31.3669 0.0438 30.7388 0.068 8.278 0.019 4.839 0.1275 0.7689 0.0311 0.6446 0.0106 -2.9924 1.8907 2.3362 9.4637 0.0 1.3273 VFID3427-UGC04740 1
28.8266 0.3748 29.8168 0.2978 9.6648 0.0614 5.9489 0.5328 0.5786 0.0943 0.7878 0.0559 -89.7672 13.3168 -13.1565 9.0729 0.0 1.2723 VFID3431-UGC08409 1
20.8832 0.081 20.7408 0.053 9.2579 0.0276 3.5021 0.1347 0.6412 0.0489 0.6667 0.0175 64.5701 3.2318 44.9011 12.9821 0.0 1.1451 VFID3441-CGCG120-049 1
33.2478 0.4698 32.431 0.2797 10.9252 0.1419 4.0119 0.7705 0.6693 0.2123 0.5924 0.076 87.4094 12.0732 21.539 7.8564 0.0 1.3218 VFID3444-UGC06509 1
40.437 1.0459 40.911 0.7966 8.3888 2.4276 74.183 160.1685 2.2647 1.7855 0.4683 0.0843 -56.7255 8.4878 36.674 17.725 0.0 1.1476 VFID3453-UGC09875 1
72.3187 0.012 72.2294 0.0067 4.6456 0.0019 7.5449 0.0153 0.5379 0.0027 0.4421 0.0008 -61.4225 0.0898 9.8123 7.2667 0.0 5.6931 VFID3462-NGC3437 1
41.2373 0.2172 42.0692 0.1788 8.1361 0.0427 5.7709 0.3481 0.6519 0.0671 0.8256 0.0351 -82.1452 10.5314 21.8458 14.8346 0.0 6.9433 VFID3464-UGC06194 1
19.2618 0.1132 19.0789 0.1417 10.1811 0.0482 3.5861 0.2289 0.685 0.0668 0.8336 0.039 3.5911 11.9718 -156.8188 9.133 0.0 1.0846 VFID3471-UGC10823 1
26.6344 0.1478 27.0628 0.1396 9.8654 0.05 4.5666 0.3272 0.6879 0.0863 0.3624 0.018 46.5274 1.9762 19.9464 9.8117 0.0 1.7413 VFID3495-LSBCF576-01 1
57.8512 0.1228 58.1695 0.3319 9.7948 0.0776 6.8152 0.685 0.7785 0.122 0.2785 0.0176 -21.7291 1.8114 29.6419 4.7577 0.0 1.3905 VFID3501-UGC05672 1
27.7013 0.168 26.929 0.2289 9.6948 0.0774 6.0633 0.6465 0.8653 0.1049 0.4917 0.0284 -35.9135 4.2626 -17.0919 10.3765 0.0 1.254 VFID3514-CGCG125-022 1
28.4884 0.0685 27.6182 0.07 9.2739 0.1006 2.853 0.368 1.3918 0.1975 0.9909 0.0614 42.0915 316.314 151.9238 18.0288 0.0 5.7392 VFID3516-UGC11229 1
18.2359 0.0208 3.5082 0.0234 8.3349 0.1316 9.9352 1.5705 2.8666 0.2184 0.5612 0.0181 -0.4981 2.0221 28.856 17.5773 0.0 1.835 VFID3555-UGC10049NED03 1
21.9272 0.019 19.4176 0.023 9.3145 0.0298 2.9537 0.1176 1.3181 0.0586 0.7586 0.0167 26.9928 3.3778 84.6015 8.8767 0.0 1.1769 VFID3556-UGC09164 1
27.3193 0.315 28.5125 0.2925 10.6798 0.0887 3.851 0.512 0.4695 0.1528 0.7649 0.0949 41.7551 18.9374 -22.5445 9.1372 0.0 1.2579 VFID3565-MCG+04-25-050 1
34.7646 0.0061 35.4615 0.0047 6.7871 0.0058 2.549 0.0197 1.4119 0.0188 0.8994 0.005 34.6467 2.0655 39.6613 8.8939 0.0 1.6896 VFID3566-UGC06176 1
30.2798 0.5037 30.1074 0.3627 10.9393 0.1581 5.7013 0.538 0.1143 0.0881 0.4323 0.0499 55.7766 5.1035 -2.7815 9.0125 0.0 1.3576 VFID3571-UGC05805 1
23.8697 0.1776 24.7559 0.332 10.3667 0.058 5.1828 0.4239 0.4176 0.0826 0.3303 0.0246 -28.4672 2.5671 -23.9775 11.3226 0.0 1.3953 VFID3575-2MFGC10495 1
25.1585 0.4169 23.7475 0.5313 9.7195 1.0246 15.0498 14.3538 1.8249 0.9758 0.5476 0.1139 36.0675 12.854 -62.1473 25.441 0.0 1.2701 VFID3579-UGC06258 1
33.394 0.0344 33.3424 0.0638 7.8879 0.0128 5.7038 0.1022 0.6192 0.0219 0.547 0.0074 -27.234 1.0598 29.9593 8.7615 0.0 1.7772 VFID3621-IC0851 1
26.6346 0.1067 25.3803 0.1085 8.7666 0.0222 5.387 0.1812 0.4621 0.0342 0.6701 0.0208 42.6842 3.1703 -58.6455 11.5504 0.0 1.3354 VFID3623-CGCG118-019 1
30.5121 0.0782 30.9865 0.1856 8.0617 1.4914 94.4998 179.4676 4.5456 2.4242 0.2937 0.0382 35.1405 3.0094 6.4869 15.6402 0.0 1.4805 VFID3627-CGCG114-006 1
36.9156 0.1428 48.6033 0.1813 11.8141 0.1088 1.6755 0.2019 0.4591 0.1407 0.7763 0.1035 3.5363 20.8825 72.3802 7.5028 0.0 1.2175 VFID3634-LSBCD584-05 1
28.122 0.055 27.816 0.0375 8.5503 0.0163 5.762 0.1276 0.79 0.0249 0.636 0.0083 56.0706 1.4896 80.6295 6.1315 0.0 1.1239 VFID3636-UGC09917 1
19.6838 0.069 19.8607 0.1235 9.5177 0.0537 4.2067 0.3008 0.9475 0.071 0.6635 0.0259 -3.2664 5.0514 16.6588 14.7184 0.0 1.2545 VFID3637-IC3740 1
121.749 0.2034 121.82 0.1773 7.2636 0.0306 26.2919 1.082 1.2438 0.0428 0.2298 0.0047 -48.6854 0.5177 56.1889 2.2149 0.0 1.4559 VFID3651-NGC4204 1
37.3255 0.0642 37.1392 0.0593 7.7554 0.0123 7.888 0.1267 0.7509 0.0161 0.9278 0.0108 70.8726 6.9369 29.5918 4.784 0.0 1.1548 VFID3660-UGC10020 1
17.444 0.0912 17.7317 0.0922 9.902 0.0579 2.9268 0.2506 0.8809 0.0852 0.8279 0.0407 80.2177 13.653 72.9538 16.6348 0.0 1.3112 VFID3669-KUG1204+206 1
33.4126 0.3319 33.5814 0.1078 9.9279 0.0818 7.2903 0.8072 0.9066 0.1238 0.3253 0.0195 -82.7435 2.3286 -15.5233 6.8306 0.0 1.2136 VFID3679-NGC4529 1
59.8038 0.0787 61.3256 0.1393 7.1889 0.0092 12.7782 0.1722 0.467 0.0142 0.5495 0.0067 -13.1044 0.8292 -4.4187 4.0203 0.0 1.3303 VFID3705-NGC4635 1
42.1521 0.1158 42.7471 0.1069 8.5797 0.0424 6.6138 0.3694 0.893 0.0619 0.5646 0.0178 -46.3896 2.64 -39.2101 7.5405 0.0 1.4129 VFID3716-UGC05989 1
47.5434 0.0121 47.3488 0.0198 6.8449 0.0032 6.8958 0.0295 0.5383 0.0049 0.3233 0.0012 -31.3971 0.1182 48.4357 4.1772 0.0 1.506 VFID3728-NGC5492 1
37.8432 0.036 37.4046 0.0367 9.121 0.0581 3.7142 0.2901 1.6428 0.1151 0.9377 0.039 19.5679 24.158 17.0456 6.5077 0.0 1.2177 VFID3732-NGC6149 1
47.4557 0.0178 47.2849 0.0233 8.231 0.0136 2.9094 0.0521 0.8974 0.0188 0.9785 0.0112 56.1015 25.3723 57.7722 5.0597 0.0 1.3571 VFID3750-NGC4336 1
39.8547 0.1992 41.5577 0.2879 10.6919 0.0794 3.5267 0.3932 0.4109 0.1064 0.6538 0.0672 -36.1724 10.7193 35.8797 6.6078 0.0 1.3609 VFID3752-KUG1137+196 1
28.4431 0.0097 27.842 0.0128 7.2068 0.0058 2.6797 0.0218 0.7841 0.0089 0.871 0.0044 22.787 1.9633 59.4071 12.2188 0.0 2.0012 VFID3753-UGC05023 1
93.1468 0.1979 92.7597 0.4813 9.4811 0.0646 9.6906 0.4926 0.2633 0.0458 0.34 0.02 20.1804 2.0311 -9.7123 3.0358 0.0 1.3916 VFID3770-IC3881 1
42.9121 0.2563 42.563 0.4304 9.4558 0.052 7.3168 0.5509 0.5177 0.0754 0.6 0.0378 -2.481 5.3794 -18.1685 5.9772 0.0 1.2808 VFID3777-UGC07133 1
31.1016 0.0105 30.9031 0.0084 6.4102 0.0032 4.2138 0.0193 0.7729 0.0052 0.8212 0.0024 68.3299 0.7346 19.2289 8.8881 0.0 1.5105 VFID3783-NGC3827 1
82.5492 0.0732 84.347 0.2408 9.1879 0.0598 8.3548 0.6676 0.9785 0.0905 0.2913 0.0125 11.8434 1.4215 -4.1778 3.133 0.0 1.4641 VFID3784-UGC07170 1
24.5907 0.0516 24.1016 0.0449 8.8999 0.0475 4.9936 0.3038 1.362 0.0761 0.7692 0.0251 -65.0337 5.2955 84.6864 11.4498 0.0 1.4189 VFID3786-UGCA411 1
24.1147 0.0106 24.5316 0.0104 7.2244 0.0047 3.143 0.021 0.7183 0.0069 0.9725 0.0048 15.9173 7.8775 12.0068 10.4981 0.0 1.3057 VFID3797-UGC05467 1
15.5141 0.0379 16.5487 0.0278 8.4749 0.0118 3.338 0.056 0.5293 0.0179 0.7534 0.0107 61.7654 2.203 -9.5959 16.2742 0.0 1.3236 VFID3813-ARK531 1
17.6733 1.2491 18.461 0.8023 7.5432 5.834 80.139 350.6735 2.006 2.6848 0.4139 0.0826 -57.4702 8.5354 -118.3868 131.9802 0.0 1.3316 VFID3903-MCG+03-33-032 1
12.8726 0.0195 13.1057 0.0181 8.908 0.0171 2.2543 0.0517 0.8683 0.0222 0.8319 0.0114 15.0337 3.708 46.1891 19.8038 0.0 1.272 VFID3905-MRK0886 1
25.6941 0.0471 25.9861 0.0285 9.0043 0.0144 3.5138 0.0717 0.5688 0.0238 0.5999 0.0098 62.0444 1.4179 75.3037 7.3416 0.0 1.6981 VFID3915-IC1135 1
29.747 0.5185 24.3012 0.3888 10.3922 0.1312 6.3964 0.4753 0.0597 0.0472 0.7772 0.0685 -83.4202 12.5344 -7.5419 11.2171 0.0 1.3429 VFID3931-UGC05945 1
37.1944 0.2558 39.351 0.3797 9.0663 0.0462 7.6988 0.5343 0.5455 0.0697 0.6508 0.0364 -12.6083 5.6861 -9.4164 7.8924 0.0 1.7483 VFID3940-UGC06157 1
73.5707 0.0111 75.0191 0.0181 5.259 0.0025 8.8713 0.0336 0.6461 0.0044 0.5437 0.0015 -34.0418 0.1962 -5.3735 5.4528 0.0 2.0486 VFID3961-NGC3370 1
57.212 0.8777 57.2559 0.5784 10.0446 0.1206 10.4183 1.7449 0.6958 0.2018 0.2717 0.0321 -56.5171 3.3383 -38.6118 4.7023 0.0 1.3331 VFID4010-UGC06112 1
40.9267 0.2474 40.7443 0.3353 10.2728 0.0805 5.3137 0.5723 0.6478 0.1484 0.3456 0.0283 -36.7062 3.2218 18.9296 6.9691 0.0 1.4735 VFID4018-UGC06083 1
32.032 0.1148 32.1658 0.1038 8.9939 0.0227 5.366 0.1817 0.4601 0.0355 0.5911 0.018 48.4 2.4335 6.4083 8.0874 0.0 1.4165 VFID4019-NGC4502 1
95.9151 0.0826 97.602 0.0498 5.5724 0.0046 15.8255 0.107 0.5269 0.0072 0.6078 0.0035 -75.6323 0.5002 -116.08 3.5193 0.0 1.9927 VFID4020-NGC3041 1
20.1526 0.0119 20.3564 0.019 7.9078 0.0061 3.4111 0.0299 0.6841 0.01 0.622 0.0038 -5.0745 0.6121 41.4302 11.0105 0.0 1.4206 VFID4025-UGC10086 1
42.2876 0.1981 41.6034 0.1679 8.9763 0.0526 8.5957 0.6172 0.8556 0.0795 0.3494 0.0143 50.813 1.6917 15.6392 7.0099 0.0 1.4279 VFID4030-UGC06104 1
27.0149 0.165 27.6252 0.2793 12.2327 0.1613 2.1724 0.3663 0.065 0.2191 0.5343 0.0979 -27.9574 11.9754 -13.5925 9.1181 0.0 1.3855 VFID4033-2MASXJ13012967+1634220 1
61.4141 0.4059 62.1243 0.3692 9.578 0.0519 10.7071 0.775 0.5707 0.0798 0.182 0.0105 -47.4088 0.9465 6.3154 3.7463 0.0 1.2497 VFID4035-UGC06594 1
24.8373 0.3004 24.0298 0.527 10.6318 0.1899 5.4794 1.3434 0.9376 0.2641 0.5512 0.0746 -2.1592 11.5544 1.8297 12.7356 0.0 1.4302 VFID4036-UGC07039 1
15.9768 0.0789 15.9816 0.0873 10.1505 0.0655 2.2109 0.1889 0.8762 0.1131 0.8599 0.0529 25.6353 18.7024 117.7767 20.574 0.0 1.4685 VFID4083-MRK0631 1
20.1125 0.0215 19.4792 0.0172 7.3585 0.0055 3.5018 0.0285 0.555 0.0083 0.7867 0.005 -85.5783 1.2853 90.9699 16.2229 0.0 1.9302 VFID4095-KUG1201+163 1
21.8284 0.0367 22.0541 0.0471 8.8393 0.0251 3.0614 0.1019 0.8425 0.0321 0.7945 0.0165 21.4453 4.8178 -7.5468 14.0341 0.0 1.4635 VFID4105-UGC06655 1
32.7121 0.0161 33.2956 0.019 8.6734 0.016 3.1016 0.0661 0.9945 0.0241 0.6664 0.0082 35.0906 1.4877 36.5561 5.7074 0.0 1.1929 VFID4120-CGCG102-075 1
35.6153 0.0201 36.3776 0.0377 8.342 0.0092 4.3407 0.057 0.6227 0.0154 0.5471 0.0055 -13.9635 0.7098 -10.1704 4.9764 0.0 1.2774 VFID4194-UGC09206 1
64.2554 0.0657 65.3682 0.0463 6.0987 0.0065 11.1034 0.0603 0.2345 0.0045 0.7072 0.0045 83.7958 0.6818 -4.0463 5.5435 0.0 2.2356 VFID4223-NGC3485 1
109.6694 0.0211 109.5318 0.022 4.8954 0.0032 11.8222 0.0514 0.8821 0.0047 0.9475 0.0027 -10.9854 2.415 -67.612 3.0744 0.0 2.1832 VFID4229-NGC3596 1
75.6804 0.0223 76.757 0.0291 6.6255 0.0038 11.6787 0.0622 0.7176 0.0063 0.253 0.0009 -37.4172 0.0967 -4.2809 2.3828 0.0 1.4529 VFID4307-NGC5984 1
27.3706 0.0291 26.9525 0.0358 7.7898 0.0101 4.7468 0.0716 0.66 0.0151 0.6432 0.0073 36.6096 1.1298 -4.1239 10.976 0.0 1.3114 VFID4309-NGC3391 1
28.1374 0.0889 28.3162 0.166 9.4297 0.042 5.1961 0.3038 0.668 0.0647 0.4602 0.0191 28.457 2.338 35.7442 9.9071 0.0 1.3036 VFID4333-CGCG068-074 1
16.3165 0.3021 17.5029 0.0934 8.8952 3.1233 38.438 140.5626 3.6866 4.3422 0.4128 0.0938 85.323 7.7216 -67.5519 58.8331 0.0 1.2456 VFID4336-CGCG063-087 1
30.7427 0.1934 33.2982 0.2867 10.5625 0.2399 7.1161 1.8589 1.4823 0.3111 0.6487 0.0876 19.4082 12.9638 -45.8427 7.0713 0.0 1.1415 VFID4348-UGC09962 1
63.6326 0.0227 63.7885 0.0616 7.5505 0.0058 9.15 0.0744 0.4417 0.0086 0.3678 0.0028 -17.0481 0.2718 4.3335 2.6249 0.0 1.1656 VFID4354-NGC5587 1
29.8638 0.0285 30.0539 0.0148 7.0796 0.0054 4.6813 0.035 0.5034 0.0083 0.5399 0.0036 -78.1283 0.4384 110.7431 11.4128 0.0 2.9516 VFID4381-CGCG084-030 1
23.9733 0.0094 23.6596 0.0102 6.199 0.0026 4.0654 0.0163 0.4985 0.0044 0.7945 0.003 -42.0678 0.673 248.4148 16.8824 0.0 2.2985 VFID4411-NGC3107 1
72.393 0.0138 72.3738 0.0221 5.7194 0.1318 66.4421 12.2508 4.823 0.2744 0.6125 0.0113 15.6246 1.1777 -70.3521 6.5167 0.0 1.3802 VFID4454-NGC4037 1
23.0144 0.351 19.6125 0.5794 11.0837 0.1545 5.6025 0.59 0.1454 0.0951 0.4247 0.0525 -32.0888 5.277 -42.1217 11.3026 0.0 1.2954 VFID4466-IC2934 1
63.1728 0.0125 64.3811 0.0248 7.0582 0.0106 5.0726 0.0744 1.0556 0.0171 0.4376 0.0035 4.2129 0.4446 -5.4636 6.4984 0.0 2.8697 VFID4524-UGC04550 1
45.2371 0.0915 44.6716 0.0441 9.4972 0.0887 4.384 0.5069 1.4904 0.1648 0.6711 0.0316 -74.0359 5.6694 -27.5307 6.3055 0.0 1.3816 VFID4530-IC2763 1
18.1674 0.5678 18.2327 0.9204 11.1879 0.1619 6.4517 0.8472 0.1964 0.1071 0.6142 0.0961 -4.0287 11.1743 24.3772 11.2132 0.0 1.0746 VFID4561-UGC09941 1
45.7387 0.0119 44.6197 0.0313 7.9219 0.0065 5.5044 0.0504 0.6974 0.0108 0.3868 0.0024 -10.3094 0.2878 10.6634 3.652 0.0 1.2083 VFID4670-UGC09919 1
23.332 0.0647 22.0825 0.0908 8.7851 0.0278 4.9095 0.1847 0.8368 0.0446 0.7072 0.0162 18.9715 3.4103 78.3245 11.444 0.0 1.2936 VFID4693-NGC5058 1
30.1322 0.592 29.8055 0.5468 10.3377 2.162 19.3329 45.619 2.539 2.6704 0.6968 0.2565 -50.238 36.3896 -2.2155 13.0509 0.0 1.1766 VFID4701-UGC10014 1
78.7478 0.0649 79.0937 0.082 8.5207 0.0723 8.0377 0.8085 1.9291 0.1419 0.7259 0.0308 -14.299 5.4774 -10.7838 3.3765 0.0 1.3368 VFID4708-NGC4880 1
42.6659 0.0182 43.401 0.0185 6.7431 0.0041 5.9992 0.0355 0.5577 0.0066 0.5274 0.0026 43.6592 0.3184 -10.851 6.5807 0.0 1.5965 VFID4765-IC0677 1
37.9234 0.0462 39.0839 0.125 9.1068 0.0215 6.1614 0.1832 0.6174 0.0335 0.3679 0.0077 0.0289 0.9133 23.1336 4.8423 0.0 1.1642 VFID4774-UGC09901 1
50.0379 0.0255 50.4856 0.0644 7.9139 0.011 6.35 0.0992 0.6238 0.018 0.3878 0.0045 3.6011 0.4914 47.1839 5.0403 0.0 1.2859 VFID4830-UGC06169 1
35.8936 0.549 34.8083 3.2532 13.6047 1.1997 5.1517 11.8315 2.2229 5.6434 0.0326 0.0396 -6.7732 5.643 7.8436 6.7351 1.0 1.2126 VFID4837-SDSSJ115748.11+120218.5 1
25.2887 0.1986 25.3799 0.3522 8.8037 3.2226 115.1345 496.5909 5.1231 5.8863 0.2028 0.0494 -29.0549 3.986 -15.6564 17.7339 0.0 1.2062 VFID4868-CGCG079-047 1
40.5345 0.1683 41.4328 0.0641 8.8722 0.0635 7.8942 0.6943 1.245 0.0982 0.5054 0.0239 -72.1895 2.9307 -20.7763 7.2 0.0 1.3245 VFID4946-IC2822 1
75.1462 0.0181 74.9533 0.0338 5.9123 0.0031 10.6772 0.0444 0.4603 0.0045 0.1959 0.0008 -28.4457 0.0656 -38.2056 5.1988 0.0 1.8074 VFID4986-NGC3279 1
30.2715 0.0728 29.7828 0.0559 9.1834 0.0183 4.5849 0.1217 0.5464 0.0273 0.6549 0.0142 49.9248 2.3018 -33.4548 5.5246 0.0 1.1014 VFID5006-UGC09814 1
4.009 0.0172 4.0434 0.0225 8.7283 0.0491 1.3263 0.0308 0.5022 0.0265 0.8806 0.0208 -1.8637 7.5131 4666.2109 405.3661 0.0 4.5784 VFID5013-MRK0706 1
27.452 0.0656 21.508 0.0738 10.4779 0.0958 2.1577 0.2765 1.2495 0.2499 0.8812 0.0678 9.7892 25.41 22.0691 5.9534 0.0 1.1897 VFID5018-UGC08166 1
33.9506 0.0304 33.4809 0.0346 6.9203 0.0068 6.5157 0.0422 0.3424 0.006 0.788 0.0054 37.4766 1.2686 59.0453 8.8514 0.0 1.5541 VFID5029-NGC4067 1
24.6068 0.2071 24.5293 0.2268 9.9083 0.0711 4.9727 0.1869 0.097 0.0275 0.9377 0.0419 -22.2344 31.6182 -20.5343 10.6297 0.0 1.3185 VFID5033-CGCG067-014 1
32.3839 0.0704 31.9567 0.0609 7.8676 0.0123 6.9841 0.1197 0.5141 0.0194 0.3596 0.0053 -49.8634 0.53 46.8508 9.8477 0.0 1.6431 VFID5037-UGC05082 1
34.804 0.1171 36.2113 0.2595 9.1711 0.0527 6.7991 0.4956 0.7639 0.0778 0.4371 0.0191 -14.5217 2.6177 -28.1444 9.1992 0.0 1.3811 VFID5042-UGC05409 1
52.3475 0.0135 54.788 0.03 6.4651 0.0039 6.763 0.0382 0.5257 0.0065 0.484 0.0024 7.8869 0.2604 -21.6159 5.8049 0.0 1.6196 VFID5046-NGC3547 1
10.9825 0.3937 10.0641 1.0743 9.5237 0.4417 14.1305 5.4472 0.8263 0.2118 0.1931 0.0472 -20.0232 2.4382 -33.0766 56.4237 0.0 1.3976 VFID5048-IC3074 1
30.0641 0.0067 30.5546 0.0086 6.5557 0.0029 2.9272 0.0109 0.7088 0.0047 0.9208 0.0028 -25.3184 1.7699 95.3264 7.7219 0.0 1.4502 VFID5076-NGC5666 1
21.2699 0.0987 20.7613 0.087 9.5224 0.0417 3.1212 0.1761 0.7041 0.0524 0.9032 0.0373 -55.2176 18.5973 50.813 14.4259 0.0 1.2075 VFID5090-CGCG065-074 1
33.1688 0.0401 33.2659 0.0335 8.5813 0.0574 5.1159 0.3953 1.7695 0.1154 0.6698 0.0204 -42.6642 3.3355 -21.0158 10.3453 0.0 1.5222 VFID5093-UGC05456 1
76.0963 0.1412 75.3188 0.2013 6.6452 0.0133 13.1711 0.2245 0.4019 0.0156 0.7095 0.0118 7.0176 1.9616 25.3942 5.9502 0.0 3.8658 VFID5121-NGC3433 1
44.5588 2.2722 43.4337 2.5945 9.8281 0.186 30.4944 5.7297 0.5996 0.1877 0.1408 0.0165 41.2836 1.6953 -27.5438 3.6646 0.0 1.1548 VFID5220-UGC09614 1
34.3622 0.0316 34.0086 0.0379 7.5982 0.009 5.4483 0.0714 0.6062 0.0148 0.6475 0.0063 -44.0374 1.0651 17.4045 8.2669 0.0 1.3387 VFID5226-NGC2913 1
97.0529 0.0401 97.3198 0.0109 6.3974 0.0034 10.6485 0.0482 0.4799 0.0051 0.2683 0.0011 -86.857 0.1017 10.3872 2.6391 0.0 1.3693 VFID5239-NGC3692 1
15.5832 0.1733 15.7404 0.1296 10.5037 0.2505 3.9565 0.9723 1.3142 0.3162 0.7327 0.0877 -50.9936 18.4198 19.1117 24.7657 0.0 1.2264 VFID5264-VCC0031 1
41.7855 0.8043 41.8397 0.3159 10.3505 0.1117 6.6518 0.9055 0.3982 0.1629 0.2637 0.0357 -68.0645 3.278 55.0385 9.6683 0.0 4.4573 VFID5268-UGC09845 1
56.2577 0.0049 57.295 0.0064 5.89 0.0026 2.9664 0.0122 1.2969 0.0084 0.8137 0.0021 -10.3154 0.6488 -38.0272 5.7807 0.0 1.733 VFID5289-IC0676 1
37.1018 0.0199 37.4193 0.0162 6.8722 0.005 5.4221 0.0365 0.6219 0.0077 0.4364 0.0023 52.2041 0.2704 87.8495 8.6245 0.0 1.5387 VFID5295-IC0719 1
23.006 0.3653 21.7178 0.1967 10.76 0.1352 4.2922 0.7922 0.7869 0.2185 0.5102 0.056 -68.3962 7.8809 82.3567 12.2873 0.0 1.3958 VFID5304-CGCG075-061 1
32.942 0.1054 33.3308 0.1299 10.1533 0.1083 2.6135 0.3616 0.798 0.1511 0.5822 0.0445 12.3531 7.1329 58.6756 13.7822 0.0 3.8053 VFID5307-WISEAJ093834.46+085316.5 1
33.4404 0.232 34.6209 0.3133 9.0414 0.0914 7.8521 0.8355 0.9679 0.1104 0.7976 0.057 -27.356 13.2029 -37.025 10.5106 0.0 1.4054 VFID5313-IC0776 1
25.1363 0.1253 23.1912 0.1997 8.3706 0.0469 8.6002 0.3494 0.7159 0.0449 0.6301 0.0168 -3.6112 2.7492 -1.3445 14.294 0.0 1.2348 VFID5324-UGC10225 1
26.0798 0.416 20.48 0.1184 8.8455 4.9015 70.2987 438.1105 4.8636 8.0355 0.3834 0.1204 63.837 10.7063 -35.1801 45.8779 0.0 1.4757 VFID5342-FGC0699 1
115.4115 0.0366 114.5277 0.0718 5.7306 0.0189 31.9349 0.7486 1.7812 0.0284 0.4835 0.0051 -14.538 0.5646 -44.0169 3.0235 0.0 1.5293 VFID5360-NGC4698 1
44.8842 0.0315 45.2026 0.0149 6.3823 0.0043 7.3035 0.042 0.5357 0.0067 0.4511 0.0022 76.6114 0.2443 8.3851 7.5743 0.0 2.0008 VFID5441-NGC2882 1
106.3045 0.0203 109.6975 0.0284 8.8741 0.0817 5.8186 0.7265 3.089 0.2448 0.9244 0.0377 33.7361 17.78 -9.8351 1.8756 0.0 1.1685 VFID5500-UGC08614 1
37.5834 0.1255 21.3726 0.1533 8.8566 2.2637 54.2204 180.5594 5.8125 5.1844 0.7362 0.1947 2.1964 23.9748 -9.4925 10.8775 0.0 1.2421 VFID5503-CGCG039-106 1
78.0409 0.1651 75.6439 0.1101 7.8878 0.0169 13.1099 0.2641 0.6281 0.0266 0.1824 0.003 56.1146 0.2705 -21.0158 3.4871 0.0 1.6501 VFID5513-IC1197 1
56.101 0.2025 72.5771 0.2577 7.4688 0.0222 16.597 0.3077 0.2763 0.0158 0.2434 0.0051 37.721 0.4546 -25.8293 6.4521 0.0 3.6773 VFID5527-UGC10862 1
65.5987 0.0194 68.3907 0.0259 5.9508 0.0036 9.5321 0.0505 0.6542 0.0058 0.5886 0.0023 -37.5568 0.3288 -27.9203 4.3393 0.0 1.6508 VFID5528-NGC6106 1
73.8572 0.0958 71.3815 0.0539 7.5353 0.0161 9.6682 0.2191 0.825 0.0265 0.2948 0.0042 59.9076 0.4546 -15.1727 4.6525 0.0 1.9089 VFID5561-NGC3526 1
25.7449 0.5204 26.4704 0.8746 12.2308 1.7805 10.1083 32.4575 3.7344 8.8287 0.0603 0.0601 28.3324 4.3522 -3.8202 10.2706 1.0 1.335 VFID5578-UGC05504 1
39.1369 0.0166 39.2147 0.0179 7.7987 0.0153 2.3757 0.05 1.1701 0.0323 0.8537 0.0096 10.5206 3.5242 15.4622 10.272 0.0 3.1571 VFID5579-CGCG051-021 1
27.2768 0.0432 27.5733 0.0844 9.0245 0.0465 4.3037 0.2387 1.0594 0.0659 0.562 0.0164 -11.0822 2.4134 -25.779 11.938 0.0 1.4145 VFID5604-UGC05923 1
28.0341 0.0201 29.1464 0.0237 8.2191 0.0129 3.0182 0.0533 0.8489 0.0195 0.6583 0.0077 1.141 1.4074 60.4047 9.9814 0.0 1.3178 VFID5606-UGC06233 1
47.3278 0.1733 47.6555 0.2984 9.7487 0.0455 6.7818 0.3538 0.3676 0.0487 0.5548 0.0288 22.9945 3.4694 15.3788 3.6822 0.0 1.1946 VFID5611-UGC09364 1
24.925 0.1314 25.622 0.1559 10.0285 0.0655 3.2255 0.2974 0.7316 0.0928 0.8231 0.055 -21.571 15.4195 -53.5104 11.4407 0.0 1.5105 VFID5657-CGCG051-043 1
22.3266 0.047 22.44 0.0414 9.7973 0.0795 2.9478 0.3233 1.3991 0.1801 0.7889 0.0431 -31.3427 10.6801 -35.4814 13.2604 0.0 1.2199 VFID5675-CGCG038-131 1
26.2429 0.5556 26.2173 0.2317 10.4403 0.1558 6.4453 1.3694 0.8798 0.2215 0.3655 0.0432 -64.9993 5.0442 4.8575 11.9151 0.0 1.3916 VFID5681-UGC05218 1
30.6746 0.0164 28.5367 0.0371 11.0024 0.0825 6.6776 0.0268 0.0081 0.0053 0.9358 0.0631 -53.1026 44.1926 39.3848 8.4974 1.0 1.3113 VFID5686-UGC04781 1
78.1365 0.064 78.5705 0.034 6.9212 0.0049 14.2963 0.0902 0.525 0.0076 0.1526 0.0008 61.9373 0.075 8.9718 2.5061 0.0 1.377 VFID5726-NGC5470 1
25.3559 0.0093 25.3316 0.0111 8.112 0.0113 2.364 0.0375 1.1231 0.0256 0.8888 0.0089 -32.1936 3.7326 28.4452 10.211 0.0 1.2228 VFID5736-NGC6017 1
44.47 0.2398 52.2411 0.161 8.1852 0.0311 11.942 0.2549 0.1472 0.0175 0.6411 0.0166 58.2366 2.1459 -46.9168 5.3534 0.0 1.4331 VFID5746-UGC07943 1
52.8604 0.0087 53.1593 0.0099 7.1347 0.0064 3.1108 0.0291 1.3245 0.0139 0.8451 0.0049 9.7396 1.4485 41.4337 4.5803 0.0 1.2913 VFID5750-NGC6014 1
62.5565 0.0605 59.2821 0.1708 8.3743 0.0291 9.9238 0.3922 0.8725 0.0458 0.245 0.0059 19.0781 0.6301 -20.8298 4.5673 0.0 1.2817 VFID5760-NGC4423 1
107.4477 0.0565 106.3108 0.0717 5.1284 0.0069 16.9476 0.159 0.8263 0.0099 0.7862 0.0048 22.9489 1.1927 -104.9555 4.4958 0.0 3.4914 VFID5766-NGC3423 1
18.4498 0.0192 19.4125 0.0156 7.1761 0.0064 3.3679 0.0332 0.746 0.0119 0.8433 0.006 -82.1419 1.8561 53.4575 21.9871 0.0 2.1524 VFID5811-NGC2504 1
57.6305 0.0145 57.3257 0.0188 6.2768 0.0035 6.793 0.0203 0.2872 0.0027 0.683 0.0023 -29.2892 0.3762 -14.8142 4.7974 0.0 1.4934 VFID5851-NGC4580 1
58.9704 0.0152 59.404 0.0126 8.0211 0.01 2.7741 0.0398 1.0808 0.018 0.8994 0.007 -67.4148 3.8066 14.2874 3.3718 0.0 1.3528 VFID5874-NGC5338 1
22.5261 0.1247 23.5636 0.1142 9.1246 0.0344 4.0834 0.1486 0.3374 0.0302 0.8469 0.0344 -64.8891 8.9954 46.53 13.9882 0.0 1.4692 VFID5875-CGCG039-073 1
41.0568 0.5639 44.0879 0.8866 7.4865 0.3674 44.3664 12.5669 1.2779 0.2284 0.3103 0.0184 -32.5149 1.9721 -39.1689 18.4334 0.0 1.6848 VFID5878-UGC10041 1
33.618 0.9044 34.348 0.872 11.0564 0.2914 9.4701 10.0225 0.0433 0.0994 0.3597 0.0766 45.1631 4.7985 82.356 11.2051 1.0 2.8477 VFID5890-UGC05107 1
90.857 0.0206 90.8316 0.0347 4.5311 0.0138 28.421 0.4161 2.0724 0.0203 0.6025 0.0034 15.791 0.3956 -216.3951 6.6965 0.0 6.6693 VFID5897-NGC5921 1
49.0697 0.012 49.5497 0.0175 6.5377 0.0063 5.1616 0.0448 1.0182 0.01 0.661 0.0033 7.2861 0.5915 17.1654 6.7924 0.0 1.9317 VFID5911-NGC2644 1
23.4498 0.296 24.4534 0.3831 10.609 0.1182 6.0444 0.3637 0.0935 0.0661 0.4449 0.0329 34.4906 4.0956 9.281 12.7546 0.0 1.4623 VFID5917-VCC1789 1
16.637 0.3333 18.9663 0.6363 4.5538 12.1405 196.6476 1557.6058 2.2701 3.3626 0.5485 0.0637 16.8001 6.416 -701.0936 1166.5555 0.0 1.3373 VFID5956-UGC06317 1
40.8128 0.3754 41.1868 0.479 10.239 0.0972 5.218 0.5709 0.3878 0.1048 0.7512 0.0859 -28.9963 16.2955 -35.2523 6.8261 0.0 1.3407 VFID5961-UGC05974 1
34.9642 0.1576 34.4151 0.1729 8.1893 0.031 7.8865 0.1774 0.306 0.0237 0.7601 0.0191 72.9921 4.5226 22.5649 10.1736 0.0 1.3898 VFID5966-NGC4301 1
41.0017 0.07 44.2454 0.187 9.0397 0.0443 7.4258 0.4423 0.8848 0.0701 0.2853 0.0104 19.3475 1.1232 52.5553 6.8347 0.0 1.3863 VFID5972-UGC05347 1
86.4693 0.0775 85.5598 0.4879 9.0757 0.5287 47.6816 36.0317 3.1259 1.1423 0.1449 0.0228 -8.2559 1.9477 -18.4927 2.9841 0.0 1.2745 VFID5978-UGC05708 1
27.7174 0.5867 27.3087 0.2252 10.6954 0.1998 9.2002 2.4399 1.1716 0.2996 0.2334 0.0322 -69.025 3.3371 117.3851 8.3003 0.0 1.0796 VFID5983-UGC10027 1
17.9133 0.1204 19.117 0.1675 9.5399 0.0593 4.0502 0.3174 0.7715 0.0803 0.7657 0.0427 -0.5272 8.4329 -73.0423 18.3815 0.0 1.3637 VFID6043-IC0549 1
85.1514 0.056 84.6 0.0684 6.0612 0.0043 16.7094 0.107 0.4737 0.0065 0.6855 0.0039 -39.1221 0.637 -45.4772 2.5457 0.0 1.4481 VFID6045-NGC5300 1
57.9872 0.1271 58.7326 0.0828 7.7057 0.0198 8.1526 0.2356 0.7438 0.0265 0.6019 0.0114 -83.5298 1.8162 -14.2375 5.6095 0.0 1.3977 VFID6054-NGC3246 1
143.2023 0.026 133.8545 0.0687 5.4424 0.0033 22.4059 0.0686 0.2625 0.0023 0.2197 0.0008 20.7588 0.0617 -12.9961 2.2896 0.0 2.0204 VFID6086-NGC3495 1
36.0047 0.0064 35.7109 0.005 5.616 0.0023 3.8946 0.0135 0.9609 0.0058 0.6491 0.0015 68.0065 0.2347 133.3611 9.9962 0.0 2.3259 VFID6091-NGC3633 1
55.5846 0.0283 41.8844 0.0367 9.4594 0.0413 2.383 0.1143 1.0481 0.07 0.7801 0.0263 38.2319 5.8362 86.264 6.5187 0.0 1.4006 VFID6096-UGC05677 1
28.6845 0.5062 29.2491 0.4914 9.6101 0.0938 6.9411 0.7446 0.4986 0.0985 0.9924 0.0904 -32.479 533.8502 95.3339 11.3028 0.0 1.3271 VFID6097-UGC07715 1
27.1903 0.1578 27.4757 0.0919 10.2458 0.0538 3.5629 0.2655 0.6062 0.0858 0.5857 0.0332 -62.2035 4.5535 35.6284 8.388 0.0 1.1752 VFID6114-UGC08263 1
20.1944 0.0165 19.3269 0.0241 8.7273 0.0247 2.439 0.0851 1.1917 0.0552 0.8274 0.0174 0.2572 4.6639 5.8546 17.3279 0.0 1.3484 VFID6146-CGCG032-017 1
37.0388 0.0193 38.0114 0.0413 7.362 0.0086 5.2952 0.0634 0.6951 0.0153 0.5024 0.0041 -12.5466 0.5762 -12.0215 9.0103 0.0 1.4364 VFID6150-IC2327 1
38.9833 0.0408 13.5355 0.0365 10.0576 0.0472 2.3199 0.1449 1.1284 0.0904 0.7979 0.0316 18.0223 7.4762 -38.6251 5.5495 0.0 1.0802 VFID6168-UGC09392 1
30.2499 0.6834 32.9668 0.6334 10.5601 3.5275 55.1488 304.7075 5.2128 9.1841 0.1572 0.0942 -54.5985 7.1855 -25.6128 7.6388 0.0 1.2168 VFID6177-UGC08275 1
18.074 0.8465 28.32 0.177 6.7636 3.1712 246.0924 802.5302 3.6964 2.9723 0.1992 0.0294 -81.1384 2.5732 -38.6173 40.6544 0.0 1.3203 VFID6181-UGC05224 1
7.0773 0.3147 6.781 0.2797 13.5946 0.511 0.8734 2.4029 0.0563 2.9335 0.583 0.5588 -17.1026 60.7116 194.4432 49.1327 0.0 1.841 VFID6182-CGCG035-048NED02 1
44.5276 0.0161 44.5634 0.0079 6.5582 0.003 4.9594 0.021 0.5418 0.0049 0.4867 0.0016 89.729 0.2055 59.292 6.6285 0.0 1.5859 VFID6196-NGC4799 1
31.1265 0.15 32.2468 0.1867 7.6239 0.4169 22.7435 8.2392 1.8417 0.3178 0.6835 0.0362 40.4412 5.7758 -160.0926 32.7901 0.0 1.348 VFID6206-UGC08084 1
34.7783 0.1685 34.8824 0.0989 9.7014 0.087 4.2698 0.4871 0.9551 0.1397 0.5415 0.0309 -68.4219 4.9593 -19.2071 9.9382 0.0 1.4269 VFID6212-VCC0597 1
42.1078 0.0344 41.5596 0.0603 8.6678 0.0277 4.0787 0.1395 0.8499 0.0358 0.648 0.0144 -29.7214 2.314 -8.359 6.8183 0.0 1.3363 VFID6234-UGC07035 1
44.1138 0.116 44.62 0.1608 9.3042 0.0297 5.1515 0.2227 0.444 0.0448 0.4978 0.0193 -36.2063 2.3667 20.3633 6.2315 0.0 1.2351 VFID6330-UGC07370 1
61.5677 0.0159 62.5712 0.0122 7.0621 0.0119 6.1483 0.1011 1.4312 0.021 0.7069 0.0061 -54.8051 1.0253 26.2822 4.1014 0.0 2.0494 VFID6397-UGC09215 1
55.5326 0.0697 55.8666 0.0785 6.8574 0.0083 11.833 0.1429 0.5645 0.0133 0.5505 0.0053 -42.9914 0.7093 -0.4265 4.7751 0.0 1.3218 VFID6402-IC1158 1
40.4549 0.1338 41.566 0.2785 9.0838 0.0432 8.0101 0.4909 0.6686 0.0689 0.4325 0.0185 -24.5338 2.2514 5.3767 6.8396 0.0 1.228 VFID6468-UGC07184 1
62.0939 0.0458 62.6873 0.1893 8.4417 0.0252 9.6668 0.3428 0.7467 0.0398 0.2427 0.0056 -9.4834 0.587 14.392 4.194 0.0 1.3006 VFID6473-UGC07991 1
31.3224 0.2871 29.1813 0.4494 10.2431 0.1631 8.2926 1.6898 1.0888 0.2007 0.4827 0.0533 32.7132 6.9403 -9.3105 8.2103 0.0 1.1681 VFID6476-UGC09787 1
18.9945 0.2456 16.9665 0.5069 11.6419 0.1275 3.1786 0.5817 0.3872 0.2009 0.498 0.0915 -7.8016 9.5847 -0.5151 12.5594 0.0 1.1699 VFID6510-CGCG019-003 1
23.7813 0.5348 23.6455 0.3247 12.8106 0.3051 2.2285 10.0308 0.0384 0.4542 0.6183 0.2121 -71.5562 23.7261 16.8684 10.6633 1.0 1.2757 VFID6527-UGC08066 1
38.811 0.03 36.1854 0.0266 9.6055 0.0213 12.787 0.0036 0.0177 0.0036 0.5962 0.0199 -68.1913 1.8209 -58.1276 7.6712 1.0 1.2656 VFID6554-UGC10290 1
46.9759 0.2235 44.4472 0.0888 8.2679 0.023 11.1991 0.2128 0.2941 0.0187 0.3524 0.0073 -85.779 0.764 -46.4093 6.124 0.0 1.2973 VFID6584-UGC04254 1
54.6756 0.0485 55.3999 0.0278 8.2954 0.0349 5.9187 0.2801 1.4381 0.0634 0.5442 0.0138 -74.6467 1.5887 56.9787 4.9914 0.0 1.312 VFID6593-NGC6010 1
58.6952 0.1733 62.1855 0.2084 8.5372 0.0645 10.6577 0.9441 1.1453 0.0882 0.6059 0.0277 44.5824 4.3542 -62.3294 4.9627 0.0 1.3387 VFID6600-UGC07911 1
61.5059 0.2778 57.5748 0.311 10.8728 0.1507 5.9019 3.9137 0.0259 0.0964 0.7211 0.084 36.3093 10.6049 -46.5573 5.3812 1.0 1.3238 VFID6605-UGC07332 1
39.8936 0.5227 39.9603 0.649 8.9943 0.1461 4.4386 0.9141 0.5837 0.2383 0.836 0.1333 -11.1242 41.4836 380.1331 34.2831 0.0 34.4644 VFID6613-UGC04684 1
53.7928 0.0457 54.711 0.0242 8.0224 0.0095 6.4768 0.0883 0.7136 0.016 0.3269 0.0032 -62.4429 0.3246 -24.609 3.6143 0.0 1.2172 VFID6620-UGC09348 1
23.8207 0.0118 24.5124 0.0073 7.3198 0.0087 2.4972 0.0314 1.1986 0.0195 0.9585 0.0082 -6.8956 8.1074 52.965 15.6232 0.0 2.1864 VFID6633-IC0745 1
96.761 0.1005 96.9939 0.1827 6.933 0.0116 14.796 0.2514 0.5509 0.0183 0.544 0.0074 -11.0262 0.9625 -1.9232 2.932 0.0 1.4057 VFID6635-UGC08041 1
37.7013 0.1609 34.141 0.3181 9.1466 0.5042 15.7828 8.5546 2.2658 0.6606 0.503 0.0687 9.2044 7.0911 -29.5607 15.7497 0.0 1.2953 VFID6656-NGC4030b 1
59.7978 0.0131 60.9189 0.0135 5.639 0.006 8.7375 0.0724 1.3153 0.0096 0.6596 0.003 -43.8214 0.4621 -26.7411 6.5903 0.0 2.8576 VFID6660-NGC4904 1
26.1757 0.0854 26.5251 0.0959 11.1334 0.0799 1.869 0.1836 0.6687 0.1036 0.8178 0.065 21.5146 17.7365 48.7768 7.5589 0.0 1.186 VFID6777-CGCG019-019 1
46.4579 0.0878 45.9872 0.1676 9.9616 0.0945 5.1989 0.6544 1.2635 0.1552 0.5668 0.0369 -12.4924 5.137 56.3254 4.4519 0.0 1.2068 VFID6782-IC0976 1
76.5367 0.0834 76.6519 0.0313 7.4763 0.0106 9.1049 0.1323 0.6104 0.0171 0.3499 0.0039 70.0611 0.4183 -2.2377 3.451 0.0 1.3749 VFID6787-UGC07883 1
