xc xc_err yc yc_err mag mag_err re re_err nsersic nsrsic_err BA BA_err PA PA_err sky sky_err error chi2nu prefix success_flag
50.5133 0.0344 33.7262 0.095 7.3443 2.8046 261.7019 1104.3918 7.8582 6.4892 0.5899 0.0787 20.7065 7.4477 22.0491 14.397 0.0 1.4351 VFID3231-IC3215 1
-999 -999 -999 -999 -999 -999 -999 -999 -999 -999 -999 -999 -999 -999 -999 -999 -999 -999 VFID3237-NGC4565 0
57.3123 0.2344 59.7576 0.1625 8.6051 0.039 9.9429 0.5365 0.7714 0.0575 0.5024 0.0162 54.6889 2.2895 2.4345 4.2124 0.0 1.3184 VFID3249-NGC4562 1
66.119 0.0124 57.1584 0.0212 6.2459 0.0092 8.6101 0.1111 1.3966 0.0152 0.4553 0.0029 29.1977 0.332 3.5002 6.1611 0.0 3.5908 VFID3256-NGC4747 1
19.8285 0.2197 20.4686 0.3947 11.0179 0.096 3.7514 0.4375 0.3536 0.1245 0.5868 0.0702 -22.6126 8.5259 32.7914 11.0911 0.0 1.1423 VFID3259-KUG1247+260 1
48.382 0.1137 51.5929 0.3392 8.5293 0.0435 13.0261 0.7741 0.8511 0.0642 0.3295 0.011 15.5176 1.3378 5.3184 5.5361 0.0 1.2938 VFID3474-NGC4455 1
121.749 0.2034 121.82 0.1773 7.2636 0.0306 26.2919 1.082 1.2438 0.0428 0.2298 0.0047 -48.6854 0.5177 56.1889 2.2149 0.0 1.4559 VFID3651-NGC4204 1
59.8038 0.0787 61.3256 0.1393 7.1889 0.0092 12.7782 0.1722 0.467 0.0142 0.5495 0.0067 -13.1044 0.8292 -4.4187 4.0203 0.0 1.3303 VFID3705-NGC4635 1
47.4557 0.0178 47.2849 0.0233 8.231 0.0136 2.9094 0.0521 0.8974 0.0188 0.9785 0.0112 56.1015 25.3723 57.7722 5.0597 0.0 1.3571 VFID3750-NGC4336 1
39.7737 0.0713 39.2447 0.0561 7.484 0.01 7.4739 0.1158 0.5615 0.0156 0.7601 0.0096 -55.4584 2.0761 -7.8267 6.7199 0.0 1.5114 VFID3760-NGC4561 1
93.1468 0.1979 92.7597 0.4813 9.4811 0.0646 9.6906 0.4926 0.2633 0.0458 0.34 0.02 20.1804 2.0311 -9.7123 3.0358 0.0 1.3916 VFID3770-IC3881 1
97.3937 0.0037 97.011 0.007 5.8025 0.0018 4.2877 0.0112 0.8438 0.0047 0.5733 0.0012 -15.41 0.1484 -2.9905 2.6912 0.0 1.5027 VFID3823-NGC4064 1
188.2939 0.0054 187.823 0.0045 5.623 0.003 3.999 0.0211 1.9327 0.0109 0.8065 0.0024 67.7478 0.5441 23.8256 1.4008 0.0 1.6174 VFID3829-NGC4293 1
47.5033 0.0521 46.938 0.0928 7.5811 0.0119 8.7495 0.1137 0.3896 0.0153 0.3739 0.0048 -29.2255 0.5339 53.6822 7.0577 0.0 2.027 VFID3838-UGC06670 1
32.467 0.0864 33.2298 0.0604 9.847 0.0533 2.6907 0.1723 0.7963 0.0782 0.8957 0.0424 53.074 19.3765 -19.4962 7.5968 0.0 1.2589 VFID3848-IC3473 1
105.3979 0.0135 105.2419 0.0182 5.0799 0.0547 55.6967 3.9723 4.026 0.0971 0.7696 0.0083 -36.8268 1.3835 -114.6161 4.3276 0.0 1.5609 VFID3854-NGC4394 1
82.022 0.4355 82.6812 0.1921 8.1496 0.193 28.8689 6.3218 1.8173 0.2545 0.4335 0.03 -83.2896 3.2145 -18.6367 2.9956 0.0 1.3261 VFID3856-NGC4539 1
-999 -999 -999 -999 -999 -999 -999 -999 -999 -999 -999 -999 -999 -999 -999 -999 -999 -999 VFID3860-MESSIER085 0
53.1398 0.1932 56.702 1.4536 9.885 3.8839 230.775 1747.0571 7.8739 20.8951 0.013 0.005 -7.416 0.2792 -33.8362 3.898 1.0 1.3225 VFID3896-IC3530 1
32.118 0.0619 35.6784 2.2536 11.6588 6.3802 40.3322 535.5413 9.4143 73.0075 0.0255 0.0226 3.3078 1.4654 37.4277 8.0842 1.0 1.2981 VFID3913-UGC07346 1
30.5886 0.1709 30.3951 0.2178 10.9547 0.139 2.8472 0.4889 0.7656 0.1655 0.7875 0.0921 -14.0569 22.3262 4.0016 7.8672 0.0 1.2672 VFID3920-CGCG098-132 1
18.6147 0.1196 19.8423 0.0674 9.2715 0.0253 4.2261 0.1322 0.3681 0.0328 0.5575 0.017 78.145 2.1197 15.9882 13.1728 0.0 1.2886 VFID3924-KUG1218+179 1
41.1291 0.0236 41.9186 0.0226 7.4723 0.007 4.2787 0.0348 0.3903 0.0072 0.9157 0.0077 48.6061 3.7624 46.9444 6.3452 0.0 1.3679 VFID3932-NGC4344 1
163.0824 0.0121 164.5192 0.0147 5.4391 0.0128 21.1141 0.3839 2.4019 0.0245 0.5653 0.004 -1.2248 0.4429 2.6594 1.9949 0.0 2.2068 VFID3982-NGC4450 1
51.872 0.0765 51.6863 0.0518 8.9767 0.0589 5.1979 0.426 1.439 0.0932 0.9092 0.0375 -81.092 18.4692 19.9621 4.6357 0.0 1.2388 VFID4005-NGC4489 1
85.4761 0.0174 85.4384 0.0183 7.739 0.0386 8.4477 0.4533 1.9718 0.0701 0.8629 0.0194 56.5295 6.3273 6.1043 3.0799 0.0 1.32 VFID4013-NGC4340 1
83.5561 0.007 84.55 0.0116 7.1262 0.0114 5.2154 0.082 1.6517 0.0246 0.6108 0.0042 29.5485 0.6018 47.2755 2.9322 0.0 1.3378 VFID4017-NGC4350 1
32.032 0.1148 32.1658 0.1038 8.9939 0.0227 5.366 0.1817 0.4601 0.0355 0.5911 0.018 48.4 2.4335 6.4083 8.0874 0.0 1.4165 VFID4019-NGC4502 1
61.4141 0.4059 62.1243 0.3692 9.578 0.0519 10.7071 0.775 0.5707 0.0798 0.182 0.0105 -47.4088 0.9465 6.3154 3.7463 0.0 1.2497 VFID4035-UGC06594 1
-999 -999 -999 -999 -999 -999 -999 -999 -999 -999 -999 -999 -999 -999 -999 -999 -999 -999 VFID4049-NGC4383 0
44.0924 0.012 44.4087 0.0104 7.8519 0.0091 2.6771 0.0331 1.0753 0.016 0.8765 0.0069 -25.5165 2.6566 -17.5464 5.2076 0.0 1.2758 VFID4058-IC0796 1
-999 -999 -999 -999 -999 -999 -999 -999 -999 -999 -999 -999 -999 -999 -999 -999 -999 -999 VFID4060-NGC4651 0
40.6041 0.0734 41.1385 0.0914 9.492 0.07 3.988 0.3739 1.3317 0.1263 0.8305 0.0437 17.1327 11.2533 13.211 5.9469 0.0 1.2499 VFID4074-NGC4515 1
46.6138 0.0096 45.7142 0.0131 6.2972 0.0028 4.4953 0.0179 0.5511 0.0043 0.74 0.0024 12.7094 0.483 83.7421 6.6402 0.0 1.9081 VFID4082-NGC4405 1
20.1125 0.0215 19.4792 0.0172 7.3585 0.0055 3.5018 0.0285 0.555 0.0083 0.7867 0.005 -85.5783 1.2853 90.9699 16.2229 0.0 1.9302 VFID4095-KUG1201+163 1
21.8284 0.0367 22.0541 0.0471 8.8393 0.0251 3.0614 0.1019 0.8425 0.0321 0.7945 0.0165 21.4453 4.8178 -7.5468 14.0341 0.0 1.4635 VFID4105-UGC06655 1
-999 -999 -999 -999 -999 -999 -999 -999 -999 -999 -999 -999 -999 -999 -999 -999 -999 -999 VFID4113-NGC4322 0
-999 -999 -999 -999 -999 -999 -999 -999 -999 -999 -999 -999 -999 -999 -999 -999 -999 -999 VFID4118-NGC4758 0
37.4867 0.4577 39.7208 0.5015 10.7333 0.2028 5.4425 1.4317 0.8477 0.3078 0.6954 0.1056 -47.2323 22.0802 -55.9918 6.6509 0.0 1.2241 VFID4133-IC0783 1
33.5479 0.0271 31.0092 0.1042 10.5062 0.0379 16.5685 0.005 0.0196 0.0052 0.2795 0.0215 4.9656 1.3575 57.7238 7.2441 1.0 1.2437 VFID4136-VCC1334 1
56.4456 0.0369 55.6494 0.0417 8.1736 0.037 6.424 0.3209 1.4672 0.0643 0.8321 0.0205 81.9253 5.61 -21.6349 4.6211 0.0 1.2847 VFID4142-NGC4379 1
77.437 0.0514 78.5252 0.0498 6.1984 0.5512 91.6796 66.3984 4.6572 0.9692 0.6842 0.0424 -47.3302 5.7563 -76.6179 11.0607 0.0 3.6991 VFID4156-NGC4421 1
45.464 0.025 45.5513 0.043 7.574 0.0077 6.0348 0.0677 0.5235 0.0111 0.5315 0.0051 -28.5592 0.6102 66.0603 5.4887 0.0 1.3383 VFID4167-IC0800 1
66.3455 0.0188 66.4395 0.0113 5.2963 0.0018 9.4043 0.0247 0.5262 0.0029 0.603 0.0014 -73.0079 0.1878 -29.0113 4.576 0.0 1.9643 VFID4171-NGC4237 1
132.1254 0.0034 133.4208 0.0065 5.614 0.0021 4.9586 0.016 1.2183 0.0051 0.5151 0.0012 27.9475 0.128 27.3148 1.8428 0.0 1.4654 VFID4186-NGC4710 1
33.4526 0.0351 33.6859 0.0288 7.0337 0.0061 5.6589 0.0518 0.5903 0.0106 0.8119 0.0058 -65.1493 1.6498 40.9026 9.2844 0.0 1.6312 VFID4191-IC0797 1
78.3251 0.0109 79.6346 0.0138 6.3587 0.0026 6.0003 0.0223 0.5146 0.0038 0.4962 0.0016 37.9365 0.1856 44.8142 3.3161 0.0 1.568 VFID4206-IC3392 1
29.9706 1.1854 42.7671 0.2485 10.0203 0.1094 13.6766 1.0977 0.1407 0.0629 0.2099 0.0206 86.3685 1.5075 -7.0728 6.8374 0.0 1.3711 VFID4211-IC0781 1
39.1309 0.0269 38.9061 0.0506 8.0661 0.0099 4.5258 0.0618 0.5033 0.0159 0.5297 0.0063 -3.1035 0.7777 49.1468 6.6495 0.0 1.3804 VFID4214-IC3806 1
53.0938 0.0205 53.523 0.0175 8.0279 0.0202 3.6565 0.0969 1.3191 0.0353 0.907 0.0132 13.6836 6.6322 68.2524 4.9088 0.0 1.311 VFID4216-NGC4262 1
28.9705 0.09 28.9413 0.306 10.139 0.0476 5.435 0.3526 0.3982 0.0686 0.2959 0.0196 -14.5211 1.6934 8.5808 8.8129 0.0 1.4225 VFID4220-IC3453 1
42.5368 0.0163 51.1416 0.0191 7.3496 0.0246 5.6975 0.1978 1.7945 0.0497 0.7079 0.0116 59.1599 1.8623 61.729 8.0415 0.0 2.5076 VFID4237-NGC4377 1
43.2095 1.6657 39.8612 1.4143 9.7616 0.1198 20.4988 2.0204 0.2149 0.079 0.3233 0.0376 49.833 3.1123 -13.3495 6.1837 0.0 1.1807 VFID4247-IC3637 1
76.0699 0.1035 76.5986 0.0882 4.9042 0.0099 13.7345 0.1944 0.5818 0.0163 0.5208 0.0059 -49.8624 0.724 365.6336 20.5551 0.0 49.3108 VFID4256-NGC4298 1
-999 -999 -999 -999 -999 -999 -999 -999 -999 -999 -999 -999 -999 -999 -999 -999 -999 -999 VFID4258-NGC4302 0
53.0751 0.1569 53.0208 0.2874 9.1187 0.1292 11.5028 2.0723 1.6685 0.2223 0.5114 0.0432 -11.892 5.0459 34.9987 5.8546 0.0 1.3381 VFID4264-NGC4516 1
-999 -999 -999 -999 -999 -999 -999 -999 -999 -999 -999 -999 -999 -999 -999 -999 -999 -999 VFID4280-IC3077 0
-999 -999 -999 -999 -999 -999 -999 -999 -999 -999 -999 -999 -999 -999 -999 -999 -999 -999 VFID4291-IC3023 0
29.1651 0.2356 27.8199 0.2488 9.1239 2.8327 38.1308 133.9993 4.2616 4.3711 0.7672 0.2091 47.2188 33.4763 -24.622 24.3173 0.0 1.2191 VFID4312-IC3478 1
45.1558 0.0263 45.241 0.04 8.0736 0.0135 5.3562 0.0992 0.841 0.0227 0.4324 0.0046 -33.1774 0.6244 -1.7667 5.5907 0.0 1.2869 VFID4325-NGC4019 1
46.7962 0.2291 46.4304 0.0919 8.7013 0.5224 20.3673 12.4352 2.6623 0.7488 0.6915 0.0627 86.1017 11.4838 89.656 9.7924 0.0 1.3132 VFID4335-NGC4468 1
19.4258 0.0301 19.5437 0.0368 8.9881 0.0363 2.8911 0.1356 1.1615 0.0665 0.9529 0.027 -30.6386 24.5997 20.3534 16.8183 0.0 1.4661 VFID4337-MRK0756 1
115.0072 0.0179 114.7461 0.0213 4.8667 0.0026 13.6233 0.049 0.8072 0.0039 0.8362 0.002 -30.3384 0.6369 -68.2473 2.2943 0.0 1.545 VFID4386-NGC4689 1
110.6149 0.0148 111.4141 0.0175 6.7225 0.0141 7.6913 0.1504 1.8383 0.0275 0.8445 0.0076 19.8553 2.0869 -12.775 2.2463 0.0 1.3093 VFID4408-NGC4477 1
43.3513 0.1383 42.9883 0.2232 9.6162 0.081 5.8625 0.6234 0.9518 0.118 0.6441 0.0404 34.4531 6.8044 -4.4045 5.848 0.0 1.2763 VFID4424-NGC4479 1
127.6381 0.0155 128.3897 0.013 6.799 0.0123 6.9584 0.119 1.5561 0.0217 0.7156 0.0059 -85.8882 1.0174 -17.4446 2.1075 0.0 1.4797 VFID4448-NGC4473 1
49.3717 0.0411 49.3669 0.0256 8.6818 0.0199 3.2872 0.0886 0.8424 0.0267 0.7967 0.0126 -72.1376 3.7185 -23.4728 5.1309 0.0 1.4494 VFID4451-NGC4506 1
72.393 0.0138 72.3738 0.0221 5.7194 0.1318 66.4421 12.2508 4.823 0.2744 0.6125 0.0113 15.6246 1.1777 -70.3521 6.5167 0.0 1.3802 VFID4454-NGC4037 1
30.7518 0.2112 31.6057 0.2427 8.4896 0.048 12.8462 0.7117 0.8768 0.0658 0.3041 0.01 41.4888 1.105 6.2961 10.2244 0.0 1.2285 VFID4464-IC3742 1
23.0144 0.351 19.6125 0.5794 11.0837 0.1545 5.6025 0.59 0.1454 0.0951 0.4247 0.0525 -32.0888 5.277 -42.1217 11.3026 0.0 1.2954 VFID4466-IC2934 1
87.8562 0.0388 86.706 0.0626 6.1262 0.005 11.4743 0.0683 0.371 0.0059 0.6288 0.0039 -20.5551 0.518 -37.58 3.5954 0.0 1.6487 VFID4477-NGC4639 1
38.0159 0.0706 37.8939 0.113 7.974 0.0165 8.0703 0.1178 0.3239 0.0145 0.5318 0.0084 -23.4194 1.0715 32.568 7.6187 0.0 1.4658 VFID4480-NGC4165 1
48.5345 0.0716 48.4678 0.0917 8.8946 0.1152 6.6343 0.96 1.8789 0.2074 0.8596 0.0468 17.6333 17.2651 -27.0281 7.2684 0.0 1.7055 VFID4482-NGC4458 1
81.9871 0.0213 82.7759 0.0665 7.8266 0.0092 7.0882 0.0869 0.5042 0.0134 0.3032 0.0031 -13.4172 0.3261 -5.288 3.0408 0.0 1.3299 VFID4483-UGC08032 1
108.5509 0.0227 109.277 0.0378 7.6755 0.0228 5.7485 0.1778 1.4215 0.0393 0.7621 0.0124 14.8669 2.4264 -4.4919 2.4002 0.0 1.5061 VFID4497-NGC4461 1
143.4134 0.02 143.3337 0.0133 3.7226 0.0026 19.7154 0.0686 1.0659 0.0044 0.4584 0.0008 -56.4406 0.1072 -68.3985 4.0157 0.0 5.696 VFID4511-NGC4654 1
48.392 0.0205 49.1449 0.0181 8.1817 0.0141 3.3374 0.0609 0.9358 0.0199 0.8885 0.0097 -43.843 4.6314 14.2907 4.5856 0.0 1.1685 VFID4517-NGC4584 1
-999 -999 -999 -999 -999 -999 -999 -999 -999 -999 -999 -999 -999 -999 -999 -999 -999 -999 VFID4525-NGC4435 0
-999 -999 -999 -999 -999 -999 -999 -999 -999 -999 -999 -999 -999 -999 -999 -999 -999 -999 VFID4542-NGC4206 0
37.4651 1.3529 37.9259 0.4925 11.7361 14.377 92.9825 2926.8821 9.5002 104.5471 0.0463 0.0752 -65.2166 5.7082 21.1614 6.3116 1.0 1.2565 VFID4606-IC3056 1
48.0727 0.0598 48.3484 0.0839 8.726 0.0404 5.2293 0.2839 1.0781 0.061 0.7083 0.0226 -36.7848 4.1586 -4.9296 5.5875 0.0 1.2846 VFID4607-NGC4387 1
-999 -999 -999 -999 -999 -999 -999 -999 -999 -999 -999 -999 -999 -999 -999 -999 -999 -999 VFID4609-NGC4267 0
45.0192 0.2008 47.9324 0.5179 10.3827 0.1673 6.3243 1.3725 0.9511 0.213 0.4482 0.0524 -8.3665 6.758 -53.908 6.0307 0.0 1.3054 VFID4611-NGC4306 1
23.332 0.0647 22.0825 0.0908 8.7851 0.0278 4.9095 0.1847 0.8368 0.0446 0.7072 0.0162 18.9715 3.4103 78.3245 11.444 0.0 1.2936 VFID4693-NGC5058 1
78.7478 0.0649 79.0937 0.082 8.5207 0.0723 8.0377 0.8085 1.9291 0.1419 0.7259 0.0308 -14.299 5.4774 -10.7838 3.3765 0.0 1.3368 VFID4708-NGC4880 1
26.9808 0.7475 28.0068 1.519 8.1916 3.5348 77.8377 238.5554 2.1655 2.3325 0.2881 0.0638 24.2191 6.3358 9.8465 46.2357 0.0 1.3734 VFID4717-IC3349 1
55.797 0.068 54.6314 0.2278 9.1149 0.0574 6.71 0.5058 0.862 0.0765 0.3038 0.0129 -6.6085 1.5733 -10.5924 6.3174 0.0 2.3772 VFID4718-IC3099 1
67.0096 0.3443 65.8717 0.1409 9.5455 0.0683 6.9356 0.6265 0.7194 0.1016 0.4315 0.0251 72.6266 3.1398 -14.1338 3.862 0.0 1.3411 VFID4745-IC3718 1
51.4996 0.0089 51.6063 0.014 7.5906 0.0058 3.1416 0.0254 0.6789 0.0076 0.6616 0.0037 29.5355 0.6909 44.7469 4.8233 0.0 1.3395 VFID4747-NGC4476 1
52.7486 0.0348 53.3466 0.0421 7.8704 0.0185 5.0598 0.124 1.0704 0.0281 0.8529 0.0117 -26.4877 4.2082 7.0839 4.6797 0.0 1.212 VFID4756-NGC4478 1
50.7039 0.2558 49.3652 0.1324 8.0792 1.0193 53.1791 63.689 3.3763 1.4128 0.5266 0.0726 -60.4516 7.0001 -18.8154 11.1557 0.0 1.278 VFID4761-NGC4436 1
46.2009 0.3172 47.0582 0.5626 10.511 0.114 5.5521 0.9007 0.6594 0.1749 0.5573 0.0627 10.502 9.0268 -1.0424 5.1276 0.0 1.2313 VFID4768-NGC4431 1
-999 -999 -999 -999 -999 -999 -999 -999 -999 -999 -999 -999 -999 -999 -999 -999 -999 -999 VFID4773-NGC4486A 0
47.0289 0.0388 48.4641 0.0248 6.9613 0.0105 7.196 0.1052 0.9835 0.0163 0.6477 0.0051 67.8016 0.9234 -13.9551 6.1027 0.0 1.4591 VFID4792-NGC4351 1
36.2277 0.0105 37.3252 0.0101 7.2693 0.0064 3.0466 0.0271 0.9897 0.0105 0.8651 0.0047 71.3762 1.8091 28.2076 7.156 0.0 1.4226 VFID4818-NGC3773 1
28.6345 0.1701 27.6824 0.1268 10.862 0.2869 4.0213 1.5572 1.6906 0.6157 0.686 0.1283 61.9718 18.8359 28.4652 10.0065 0.0 1.2162 VFID4819-IC0767 1
64.1681 0.4518 69.4664 0.6963 11.5231 0.2322 7.9239 6.4279 0.0435 0.0783 0.3117 0.0471 -32.6002 3.3183 -16.1355 3.4253 1.0 1.2789 VFID4826-IC3720 1
-999 -999 -999 -999 -999 -999 -999 -999 -999 -999 -999 -999 -999 -999 -999 -999 -999 -999 VFID4833-NGC4641 0
74.2991 0.0057 74.0866 0.0085 6.738 0.0056 3.8072 0.0277 1.1473 0.0089 0.7199 0.003 27.0079 0.6168 17.5599 3.6331 0.0 1.4088 VFID4861-NGC4606 1
151.1028 0.0107 151.4358 0.004 3.5036 0.0275 81.5738 3.4498 5.5914 0.0726 0.7551 0.0032 75.4464 0.5963 -176.1585 4.2599 0.0 3.1869 VFID4877-MESSIER058 1
114.3123 0.012 114.4459 0.0159 6.0237 0.0032 8.9022 0.0417 0.8688 0.0055 0.3321 0.0009 -36.4947 0.1066 65.2811 2.1789 0.0 1.382 VFID4881-NGC4313 1
-999 -999 -999 -999 -999 -999 -999 -999 -999 -999 -999 -999 -999 -999 -999 -999 -999 -999 VFID4901-NGC4371 0
28.166 0.3159 34.1176 0.2738 10.0697 0.057 6.2242 0.4942 0.44 0.0815 0.3705 0.0276 49.8293 2.7008 9.9764 7.9628 0.0 1.3317 VFID4910-IC3358 1
60.3395 0.3224 59.268 0.1723 9.2149 0.0446 8.7754 0.5676 0.6195 0.0618 0.4617 0.0223 61.2193 2.6143 0.5371 3.6847 0.0 1.3486 VFID4915-NGC4497 1
19.351 0.2088 18.8316 0.2924 10.5536 0.0717 3.5721 0.3591 0.4712 0.0998 0.7642 0.0693 9.8968 14.1377 -4.502 11.8637 0.0 1.1813 VFID4935-IC3446 1
-999 -999 -999 -999 -999 -999 -999 -999 -999 -999 -999 -999 -999 -999 -999 -999 -999 -999 VFID4939-NGC4491 0
101.3103 0.0105 100.7637 0.0148 3.6945 0.0016 14.0968 0.0334 0.7894 0.0026 0.6964 0.001 29.7701 0.2032 -85.5369 5.3356 0.0 5.287 VFID4940-NGC3810 1
36.3726 0.2643 36.6054 0.5236 10.7023 0.2779 7.5357 2.7752 1.3536 0.4397 0.3893 0.0689 -26.885 7.7155 -0.9707 7.3885 0.0 1.2977 VFID4950-IC3413 1
-999 -999 -999 -999 -999 -999 -999 -999 -999 -999 -999 -999 -999 -999 -999 -999 -999 -999 VFID4960-NGC4330 0
-999 -999 -999 -999 -999 -999 -999 -999 -999 -999 -999 -999 -999 -999 -999 -999 -999 -999 VFID4967-NGC4528 0
-999 -999 -999 -999 -999 -999 -999 -999 -999 -999 -999 -999 -999 -999 -999 -999 -999 -999 VFID4969-NGC4754 0
75.0996 0.0108 59.016 0.0211 3.4702 0.004 14.6649 0.0892 1.3976 0.0086 0.4491 0.0014 18.6458 0.1539 -39.9783 16.4016 0.0 28.8471 VFID4977-NGC4567 1
-999 -999 -999 -999 -999 -999 -999 -999 -999 -999 -999 -999 -999 -999 -999 -999 -999 -999 VFID4978-NGC4568 0
49.903 0.2049 50.1787 0.1374 9.3811 0.0701 5.7211 0.5449 0.9736 0.1034 0.672 0.0359 -75.1279 6.5451 -36.0586 5.1304 0.0 1.2686 VFID4981-NGC4352 1
62.7282 0.0184 63.433 0.0155 7.7793 0.0134 3.6885 0.0682 1.1586 0.0225 0.8425 0.0082 -88.9937 2.6642 22.0844 3.8786 0.0 1.3787 VFID4988-NGC4660 1
104.6361 0.0204 105.0127 0.0316 7.6349 0.0224 7.0232 0.2139 1.5612 0.0398 0.6618 0.0098 13.1823 1.4264 2.8913 2.2934 0.0 1.3449 VFID4991-NGC4503 1
-999 -999 -999 -999 -999 -999 -999 -999 -999 -999 -999 -999 -999 -999 -999 -999 -999 -999 VFID4995-NGC4429 0
60.3226 0.0069 61.0706 0.0078 6.49 0.0055 3.9088 0.03 1.2861 0.01 0.8558 0.004 -27.791 1.174 5.7267 4.7334 0.0 1.6464 VFID5015-NGC4694 1
42.6958 0.3511 39.421 0.205 10.9625 4162.873 8.2034 15726.5801 0.014 0.009 0.4889 0.0504 -66.3873 3.2904 -0.0041 6.746 1.0 1.2772 VFID5025-IC3727 1
10.9825 0.3937 10.0641 1.0743 9.5237 0.4417 14.1305 5.4472 0.8263 0.2118 0.1931 0.0472 -20.0232 2.4382 -33.0766 56.4237 0.0 1.3976 VFID5048-IC3074 1
46.6496 0.0751 44.5731 0.0581 7.2028 0.0097 8.4557 0.0734 0.2998 0.0078 0.7267 0.0068 -83.5661 1.2317 -22.2205 5.7796 0.0 1.4188 VFID5081-NGC4390 1
48.1473 0.0184 47.8572 0.0117 7.4303 0.007 3.6481 0.0368 0.8384 0.0106 0.6915 0.0043 -67.9542 0.8328 8.1452 5.376 0.0 1.4123 VFID5091-NGC4119 1
57.5079 0.3015 57.8457 0.4908 10.8458 0.1309 3.8032 0.6719 0.5668 0.1829 0.6335 0.0842 -1.6445 13.7932 20.2876 4.5422 0.0 1.3218 VFID5105-IC3773 1
-999 -999 -999 -999 -999 -999 -999 -999 -999 -999 -999 -999 -999 -999 -999 -999 -999 -999 VFID5114-NGC4596 0
86.9529 0.0407 86.9366 0.0488 7.7765 0.0251 7.0729 0.2478 1.3881 0.0409 0.7532 0.0138 24.4458 2.7602 11.3109 2.772 0.0 1.2514 VFID5118-NGC4608 1
101.2176 0.0333 101.004 0.0615 6.0453 0.009 15.5663 0.1881 1.0182 0.0134 0.558 0.0035 -26.9736 0.5382 -53.0675 2.8649 0.0 1.3929 VFID5141-NGC4380 1
-999 -999 -999 -999 -999 -999 -999 -999 -999 -999 -999 -999 -999 -999 -999 -999 -999 -999 VFID5178-NGC4442 0
46.7999 0.0135 45.8195 0.0082 5.67 0.0026 6.681 0.0244 0.752 0.0052 0.3582 0.001 -58.5646 0.1034 24.6775 8.0967 0.0 2.4936 VFID5210-NGC4207 1
76.5489 0.0247 75.6396 0.0102 5.9642 0.0026 10.2226 0.0349 0.5375 0.004 0.2241 0.0007 -67.8171 0.059 -30.336 3.9575 0.0 1.73 VFID5252-NGC4316 1
41.0488 0.0077 41.449 0.0118 6.3189 0.0023 4.7034 0.0143 0.4348 0.0035 0.6461 0.0018 -22.8606 0.2938 88.8673 6.9435 0.0 1.7517 VFID5260-NGC4451 1
106.3265 0.0102 105.5641 0.0147 6.1433 0.0041 7.158 0.0424 0.937 0.0065 0.4184 0.0013 34.7978 0.1804 12.312 2.7353 0.0 1.3404 VFID5273-NGC4522 1
33.8632 0.1612 34.5703 0.1334 10.2416 0.0978 3.0832 0.4036 0.8997 0.1336 0.8897 0.0657 41.6309 34.2371 62.4736 8.0439 0.0 1.4078 VFID5287-IC3430 1
104.4445 0.0117 104.3472 0.0279 6.2475 0.0034 10.4216 0.0471 0.6618 0.0055 0.2358 0.0008 23.2776 0.08 0.4628 2.4251 0.0 1.3424 VFID5292-NGC4307 1
26.1626 0.6448 26.5727 0.3885 12.0534 0.3273 2.7135 1.2845 0.7214 0.4982 0.5585 0.1873 -67.3758 24.1202 56.5772 11.246 0.0 1.4152 VFID5302-UGC07314 1
57.9275 0.149 58.3695 0.1326 7.2019 0.0169 11.4292 0.2657 0.734 0.0219 0.9037 0.016 88.7877 7.5493 -25.3529 5.048 0.0 1.4094 VFID5309-NGC4411b 1
49.5967 0.1691 49.1454 0.179 7.7239 0.0217 9.7685 0.2977 0.6707 0.0304 0.9505 0.0211 8.63 20.1941 -39.1181 5.7364 0.0 1.3033 VFID5312-NGC4411 1
85.8275 0.0127 86.5153 0.0074 6.7898 0.0065 4.671 0.0414 1.2593 0.0114 0.657 0.0032 84.9343 0.5272 -11.5059 3.0002 0.0 1.3318 VFID5326-NGC4469 1
35.149 0.0453 35.946 0.073 8.4099 0.0264 5.4607 0.1855 0.9624 0.0351 0.6526 0.0127 12.6382 2.2639 -49.5227 7.4402 0.0 1.2244 VFID5330-UGC07590 1
71.3724 0.0086 71.353 0.0105 5.3209 0.0134 12.103 0.2603 3.0606 0.0395 0.7878 0.0052 67.8842 1.0101 -117.3588 7.6208 0.0 2.2456 VFID5340-NGC4519 1
42.2741 0.3621 44.1176 0.5189 12.3377 0.2997 2.7065 8.9265 0.0418 0.3182 0.7073 0.2083 19.0151 24.8252 -6.1723 5.6964 1.0 1.2639 VFID5341-UGC07596 1
-999 -999 -999 -999 -999 -999 -999 -999 -999 -999 -999 -999 -999 -999 -999 -999 -999 -999 VFID5355-NGC4356 0
115.4115 0.0366 114.5277 0.0718 5.7306 0.0189 31.9349 0.7486 1.7812 0.0284 0.4835 0.0051 -14.538 0.5646 -44.0169 3.0235 0.0 1.5293 VFID5360-NGC4698 1
37.6908 0.3926 39.2322 0.4303 10.3521 0.1399 4.7526 0.89 0.8085 0.1855 0.9181 0.1152 -2.3482 67.9852 -25.4311 6.6505 0.0 1.2707 VFID5369-NGC4415 1
-999 -999 -999 -999 -999 -999 -999 -999 -999 -999 -999 -999 -999 -999 -999 -999 -999 -999 VFID5373-NGC4598 0
-999 -999 -999 -999 -999 -999 -999 -999 -999 -999 -999 -999 -999 -999 -999 -999 -999 -999 VFID5376-NGC4488 0
-999 -999 -999 -999 -999 -999 -999 -999 -999 -999 -999 -999 -999 -999 -999 -999 -999 -999 VFID5395-NGC4535 0
31.0296 0.0528 30.8738 0.062 9.2053 0.0338 3.4253 0.1573 0.9682 0.0428 0.8565 0.0279 9.8916 8.1217 20.7041 7.4307 0.0 1.3368 VFID5404-NGC4464 1
64.0708 0.0705 64.6842 0.057 7.2803 0.0122 7.9291 0.1377 0.6967 0.0175 0.822 0.0099 59.8235 2.8773 -53.3519 4.3243 0.0 1.546 VFID5414-NGC4492 1
32.8952 0.216 34.6335 0.2263 10.2235 0.1312 4.7602 0.8088 0.9421 0.1597 0.7767 0.0868 43.8025 18.9236 -2.0581 8.0304 0.0 1.2045 VFID5420-VCC1675 1
306.7073 0.0118 308.3604 0.0133 5.4227 0.0062 10.7021 0.09 1.5417 0.01 0.8751 0.0035 -20.2721 1.2884 -5.4776 0.9126 0.0 1.9946 VFID5432-MESSIER049 1
22.5325 0.7404 24.3822 0.36 9.7388 0.0765 10.8457 1.1062 0.528 0.1096 0.2527 0.0208 64.1312 1.9687 -24.6404 13.3694 0.0 1.2173 VFID5440-IC3617 1
47.3015 0.0242 47.9542 0.0223 6.283 0.0069 6.9512 0.0657 0.978 0.0094 0.9659 0.0062 -57.1625 7.7452 -123.3668 7.0248 0.0 1.5382 VFID5446-NGC4416 1
50.1323 0.1864 51.6822 0.1125 9.1483 0.0352 7.2946 0.346 0.6502 0.053 0.2805 0.0091 58.5868 1.0365 13.0807 5.0889 0.0 1.2814 VFID5453-UGC07802 1
32.5087 0.6228 32.3034 0.9029 10.9964 0.1855 5.2446 0.8305 0.2149 0.1247 0.7078 0.1329 -0.807 19.5231 7.9366 8.626 0.0 1.4441 VFID5462-IC3131 1
39.1621 0.0132 39.9692 0.0206 6.2854 0.0031 5.9412 0.0271 0.5424 0.0051 0.6472 0.0025 13.3114 0.3851 -4.8408 8.1926 0.0 2.1919 VFID5467-NGC4470 1
62.1781 0.4767 56.0485 0.6941 8.1343 0.174 20.9438 3.0423 1.1683 0.1453 0.7012 0.0501 24.5872 7.5425 5.6597 6.9933 0.0 1.3565 VFID5481-UGC07239 1
-999 -999 -999 -999 -999 -999 -999 -999 -999 -999 -999 -999 -999 -999 -999 -999 -999 -999 VFID5491-NGC4526 0
27.6284 0.0676 28.359 0.0268 7.982 0.0096 6.3924 0.0807 0.486 0.0142 0.4009 0.0045 -78.5216 0.4887 -9.7015 8.4746 0.0 1.2204 VFID5492-NGC4466 1
66.4844 0.0685 66.8027 0.1737 8.2808 0.1283 18.01 2.765 2.2471 0.217 0.391 0.023 -7.3918 2.1673 -17.3675 4.9145 0.0 1.3752 VFID5496-NGC4623 1
-999 -999 -999 -999 -999 -999 -999 -999 -999 -999 -999 -999 -999 -999 -999 -999 -999 -999 VFID5501-UGC07567 0
70.2143 0.0201 70.4296 0.0506 7.0191 0.0094 9.886 0.1219 0.8955 0.0144 0.2671 0.002 -22.2758 0.2169 -34.5275 4.0083 0.0 1.3782 VFID5511-IC3322 1
49.4828 0.0195 48.346 0.0091 7.1715 0.0064 4.6224 0.0423 0.896 0.0104 0.5139 0.0026 83.6893 0.3895 32.8646 5.4307 0.0 1.336 VFID5525-NGC4370 1
77.8663 0.0439 77.8108 0.0369 7.8157 0.0487 8.0326 0.5409 2.0595 0.097 0.8609 0.0247 -73.6752 7.6143 -42.17 3.9702 0.0 1.6906 VFID5537-NGC4612 1
-999 -999 -999 -999 -999 -999 -999 -999 -999 -999 -999 -999 -999 -999 -999 -999 -999 -999 VFID5543-UGC07557 0
116.6322 0.0149 117.335 0.0241 7.3458 0.0145 6.2352 0.1256 1.3821 0.0257 0.5706 0.0059 -21.0702 0.7664 6.665 2.2192 0.0 1.2718 VFID5546-NGC4570 1
57.9527 0.0193 59.1061 0.0431 6.0382 0.0038 14.4114 0.0759 0.674 0.0061 0.1575 0.0006 -23.9367 0.0575 -26.2774 5.3529 0.0 1.6652 VFID5549-IC3322A 1
49.9906 0.0446 49.8493 0.0673 7.7842 0.017 6.4572 0.1481 0.8673 0.0281 0.6746 0.009 18.707 1.7132 -58.3914 5.3838 0.0 1.3054 VFID5558-IC3259 1
58.2826 0.018 57.9153 0.0185 7.7554 0.0193 3.8983 0.1033 1.5831 0.0383 0.914 0.0119 71.4109 6.1075 19.9289 4.6894 0.0 1.454 VFID5565-NGC4309 1
51.0763 0.0523 50.7691 0.0422 9.3588 0.0564 3.1468 0.2594 1.5291 0.124 0.91 0.0306 73.5396 19.5737 -13.3929 5.099 0.0 1.2727 VFID5576-NGC4341 1
38.2582 0.0238 38.2864 0.0299 8.6139 0.0226 3.2659 0.1004 1.1593 0.0421 0.668 0.0133 -13.4181 2.0939 23.1416 6.6278 0.0 1.2226 VFID5585-NGC4342 1
36.7025 0.0797 37.2793 0.0838 7.7198 0.0185 6.9164 0.1701 0.7838 0.0214 0.9718 0.019 0.0175 26.8673 -18.2663 8.1623 0.0 1.2753 VFID5588-IC3267 1
58.2315 0.0154 58.2837 0.0142 6.1161 0.0041 8.5596 0.0489 0.9656 0.0065 0.3485 0.0012 -49.2525 0.1339 -17.7755 4.8043 0.0 1.467 VFID5599-NGC4343 1
26.4882 0.0134 22.71 0.0219 8.509 0.0273 3.0946 0.1107 1.5347 0.0569 0.8225 0.0152 25.8671 3.766 33.1677 11.9099 0.0 1.2156 VFID5603-IC3591 1
24.5214 0.1275 25.8302 0.2019 8.215 0.0316 7.8125 0.2855 0.5086 0.033 0.6191 0.0194 23.1392 2.7804 -19.0111 17.4257 0.0 1.4978 VFID5626-IC3414 1
36.8837 0.2951 37.2869 0.439 9.8898 0.0791 7.4699 0.8255 0.6571 0.1234 0.3532 0.0275 34.6948 3.0977 -46.9678 7.4598 0.0 1.2368 VFID5642-IC3229 1
-999 -999 -999 -999 -999 -999 -999 -999 -999 -999 -999 -999 -999 -999 -999 -999 -999 -999 VFID5649-NGC4241 0
-999 -999 -999 -999 -999 -999 -999 -999 -999 -999 -999 -999 -999 -999 -999 -999 -999 -999 VFID5652-IC3576 0
-999 -999 -999 -999 -999 -999 -999 -999 -999 -999 -999 -999 -999 -999 -999 -999 -999 -999 VFID5654-IC3268 0
39.756 0.4445 35.7042 0.5419 11.8069 0.2628 4.8863 8.2885 0.0389 0.167 0.5807 0.1364 39.0533 11.9136 -6.3786 6.4819 1.0 1.2288 VFID5687-HolmbergVII 1
62.6314 0.0576 60.8683 0.0454 6.0019 0.0044 10.9969 0.0743 0.5195 0.007 0.7991 0.0046 -76.7652 1.117 -128.3932 5.1901 0.0 1.7359 VFID5693-NGC4430 1
76.1442 0.074 75.6743 0.0785 7.5084 0.0236 11.1711 0.3519 1.1236 0.0349 0.4807 0.0077 44.2501 1.0125 27.8515 3.6579 0.0 1.2569 VFID5712-NGC4260 1
26.1774 1.1541 30.7665 1.6409 10.7542 0.1762 13.0875 3.2158 0.6699 0.3082 0.0972 0.0173 35.09 1.5792 47.367 10.7156 1.0 1.3559 VFID5714-VCC0315 1
70.4523 0.0759 70.5717 0.0696 8.1053 0.0667 6.5823 0.6035 1.5723 0.1138 0.9585 0.0381 83.8685 42.7017 9.281 6.2203 0.0 2.2666 VFID5717-NGC4339 1
44.47 0.2398 52.2411 0.161 8.1852 0.0311 11.942 0.2549 0.1472 0.0175 0.6411 0.0166 58.2366 2.1459 -46.9168 5.3534 0.0 1.4331 VFID5746-UGC07943 1
22.9501 0.0387 23.8652 0.0589 9.1766 0.0304 3.049 0.1192 0.9038 0.0422 0.705 0.0179 7.7555 3.687 93.7893 11.9179 0.0 1.2139 VFID5755-VCC0340 1
62.5565 0.0605 59.2821 0.1708 8.3743 0.0291 9.9238 0.3922 0.8725 0.0458 0.245 0.0059 19.0781 0.6301 -20.8298 4.5673 0.0 1.2817 VFID5760-NGC4423 1
39.9007 0.0501 41.7781 0.0613 7.7551 0.012 6.8895 0.1186 0.6505 0.0199 0.5761 0.007 -38.5444 1.0724 -57.6567 6.5938 0.0 1.2735 VFID5788-NGC4376 1
26.7929 0.0414 26.7927 0.0344 8.8824 0.0309 3.3949 0.1426 1.109 0.0503 0.7101 0.0187 -76.8258 3.3257 13.4462 10.7522 0.0 1.2174 VFID5816-NGC4282 1
35.1973 0.2478 36.6176 0.2663 9.4839 0.0489 7.3433 0.4865 0.5251 0.0771 0.335 0.0196 43.6533 1.8363 34.1483 7.6204 0.0 1.2396 VFID5817-NGC4252 1
60.1178 0.0706 59.8874 0.0234 7.6634 0.017 5.7378 0.1389 0.7968 0.0222 0.3929 0.0061 73.9825 0.6823 -2.9957 7.644 0.0 3.4665 VFID5820-NGC4266 1
57.6305 0.0145 57.3257 0.0188 6.2768 0.0035 6.793 0.0203 0.2872 0.0027 0.683 0.0023 -29.2892 0.3762 -14.8142 4.7974 0.0 1.4934 VFID5851-NGC4580 1
-999 -999 -999 -999 -999 -999 -999 -999 -999 -999 -999 -999 -999 -999 -999 -999 -999 -999 VFID5863-NGC4713 0
-999 -999 -999 -999 -999 -999 -999 -999 -999 -999 -999 -999 -999 -999 -999 -999 -999 -999 VFID5869-NGC4324 0
23.4498 0.296 24.4534 0.3831 10.609 0.1182 6.0444 0.3637 0.0935 0.0661 0.4449 0.0329 34.4906 4.0956 9.281 12.7546 0.0 1.4623 VFID5917-VCC1789 1
48.5468 0.0328 49.2661 0.0388 8.0843 0.0325 4.4866 0.1878 1.263 0.0497 0.7742 0.0169 9.7384 4.0348 21.8012 7.8095 0.0 2.2524 VFID5960-NGC4292 1
34.9642 0.1576 34.4151 0.1729 8.1893 0.031 7.8865 0.1774 0.306 0.0237 0.7601 0.0191 72.9921 4.5226 22.5649 10.1736 0.0 1.3898 VFID5966-NGC4301 1
122.5287 0.0224 118.1087 0.0365 7.8184 0.0376 3.2351 0.1682 1.479 0.0809 0.7705 0.0229 5.5851 4.3849 70.962 5.6182 0.0 7.3864 VFID5995-NGC4688 1
72.1229 0.0179 71.3679 0.0154 4.7706 0.002 11.4979 0.0318 0.5803 0.0032 0.3545 0.0008 -48.9373 0.0818 18.356 6.6266 0.0 4.4908 VFID6005-NGC4808 1
59.7438 0.0236 59.2916 0.084 7.7665 0.0157 8.7582 0.1878 0.8562 0.0265 0.2527 0.0034 16.7458 0.352 -2.2658 4.8078 0.0 1.2958 VFID6012-UGC07387 1
49.5356 0.2526 54.2421 0.9024 10.1518 0.101 11.4693 0.8209 0.1775 0.0617 0.1884 0.0164 -15.667 1.3217 -41.6172 5.5089 0.0 1.3642 VFID6031-UGC08053 1
31.2624 0.3302 31.6224 0.1447 10.6188 0.1014 5.5239 0.2351 0.0806 0.0601 0.3286 0.0228 -80.5291 2.1616 -0.2266 9.9901 0.0 1.3666 VFID6034-VCC0737 1
-999 -999 -999 -999 -999 -999 -999 -999 -999 -999 -999 -999 -999 -999 -999 -999 -999 -999 VFID6041-NGC4630 0
26.5569 0.0125 26.6734 0.0174 7.9903 0.0183 2.7055 0.0633 1.32 0.0372 0.9091 0.0122 7.2176 5.6505 129.139 12.3786 0.0 1.4674 VFID6055-UGC07354 1
84.0281 0.0053 83.812 0.0047 5.2149 0.0035 6.0943 0.0301 1.5872 0.0077 0.8425 0.0024 42.3485 0.602 -45.5428 3.9474 0.0 1.9536 VFID6095-NGC4457 1
28.6845 0.5062 29.2491 0.4914 9.6101 0.0938 6.9411 0.7446 0.4986 0.0985 0.9924 0.0904 -32.479 533.8502 95.3339 11.3028 0.0 1.3271 VFID6097-UGC07715 1
80.8239 0.0934 79.8598 0.069 6.8988 0.0091 14.5688 0.1965 0.6269 0.0168 0.152 0.0016 -52.4735 0.1343 6.5998 4.8964 0.0 1.8188 VFID6110-UGC07522 1
52.3906 0.0066 52.9458 0.0085 5.8763 0.0029 5.3106 0.0217 0.9079 0.0044 0.7981 0.0019 43.236 0.5467 -10.8446 5.341 0.0 1.5084 VFID6120-NGC4701 1
58.3572 0.0068 59.2636 0.0226 6.8059 0.0045 5.9549 0.0368 0.7165 0.0059 0.3731 0.0016 -16.509 0.1852 1.9775 4.7041 0.0 1.4344 VFID6169-NGC4544 1
14.5381 0.2249 14.3796 0.165 10.6418 24.6017 249.4683 13976.7803 14.1572 157.6312 0.1286 0.1409 -57.0406 9.3254 -32.0209 24.0742 1.0 1.2125 VFID6193-VCC1060 1
95.6309 0.0049 95.6362 0.0043 5.1606 0.0077 6.8089 0.1026 3.7883 0.0409 0.837 0.0044 -74.4623 0.9565 -75.4392 4.2057 0.0 2.6056 VFID6199-NGC4123 1
87.9933 0.021 88.2672 0.1182 7.0783 0.0097 14.8456 0.198 0.7196 0.0161 0.1738 0.0016 0.0979 0.1608 -12.1317 3.1356 0.0 1.3738 VFID6202-UGC07982 1
53.4248 0.4932 54.4592 0.3041 10.1903 0.1344 12.1497 3.2627 0.0282 0.0341 0.5614 0.0401 -66.9312 4.1527 -26.3903 4.9318 1.0 1.2475 VFID6215-UGC07612 1
40.2756 0.3355 40.7199 0.2425 8.3027 0.5015 29.4731 14.8566 2.1441 0.5222 0.4233 0.0408 -53.5238 4.0954 6.9386 14.7033 0.0 1.4766 VFID6230-NGC4587 1
48.6899 0.2556 45.3853 0.2518 9.5572 0.0542 6.5757 0.4932 0.5985 0.0864 0.4941 0.0284 45.2409 3.6151 2.9019 5.2733 0.0 1.2657 VFID6232-NGC4809 1
189.3449 0.0267 188.9452 0.0101 3.2177 0.0016 24.9456 0.0615 0.923 0.0047 0.2544 0.0004 69.8172 0.0392 -56.3527 3.5897 0.0 8.3965 VFID6233-NGC4527 1
42.1078 0.0344 41.5596 0.0603 8.6678 0.0277 4.0787 0.1395 0.8499 0.0358 0.648 0.0144 -29.7214 2.314 -8.359 6.8183 0.0 1.3363 VFID6234-UGC07035 1
63.2584 0.0218 62.7128 0.0262 4.7539 0.0027 11.5689 0.048 0.5931 0.0047 0.7703 0.0025 -41.2878 0.5627 -109.8985 8.2319 0.0 4.8573 VFID6263-NGC4900 1
-999 -999 -999 -999 -999 -999 -999 -999 -999 -999 -999 -999 -999 -999 -999 -999 -999 -999 VFID6264-NGC4409 0
-999 -999 -999 -999 -999 -999 -999 -999 -999 -999 -999 -999 -999 -999 -999 -999 -999 -999 VFID6303-NGC4536 0
-999 -999 -999 -999 -999 -999 -999 -999 -999 -999 -999 -999 -999 -999 -999 -999 -999 -999 VFID6310-NGC4772 0
68.0116 0.0141 67.922 0.0165 6.6786 0.013 7.6434 0.1395 1.7531 0.0207 0.8563 0.0077 -49.8306 2.2708 57.9837 4.3534 0.0 1.5587 VFID6352-NGC4643 1
42.4682 0.3259 44.8079 0.3082 10.4554 0.1214 3.9359 0.7095 0.7117 0.1744 0.8889 0.1201 61.7094 50.3069 40.4846 6.397 0.0 1.4073 VFID6414-UGC07824 1
-999 -999 -999 -999 -999 -999 -999 -999 -999 -999 -999 -999 -999 -999 -999 -999 -999 -999 VFID6448-NGC4845 0
-999 -999 -999 -999 -999 -999 -999 -999 -999 -999 -999 -999 -999 -999 -999 -999 -999 -999 VFID6462-CGCG014-064 0
32.3211 0.202 31.9156 0.3806 8.2565 1.2927 84.5733 144.9608 3.9224 2.4192 0.1328 0.0202 -29.1822 1.6522 -50.8193 12.8068 0.0 1.4345 VFID6472-UGC07394 1
62.0939 0.0458 62.6873 0.1893 8.4417 0.0252 9.6668 0.3428 0.7467 0.0398 0.2427 0.0056 -9.4834 0.587 14.392 4.194 0.0 1.3006 VFID6473-UGC07991 1
135.1252 0.0263 135.4924 0.0247 7.447 0.0196 5.8806 0.1576 1.3499 0.0328 0.6226 0.009 -37.5028 1.2811 11.9326 2.5252 0.0 2.1924 VFID6492-NGC4179 1
93.5125 0.0414 94.0098 0.0401 6.0428 0.0037 14.614 0.072 0.494 0.0054 0.2664 0.0012 -45.8991 0.1065 35.6666 2.9676 0.0 1.6167 VFID6497-NGC4771 1
58.6952 0.1733 62.1855 0.2084 8.5372 0.0645 10.6577 0.9441 1.1453 0.0882 0.6059 0.0277 44.5824 4.3542 -62.3294 4.9627 0.0 1.3387 VFID6600-UGC07911 1
61.5059 0.2778 57.5748 0.311 10.8728 0.1507 5.9019 3.9137 0.0259 0.0964 0.7211 0.084 36.3093 10.6049 -46.5573 5.3812 1.0 1.3238 VFID6605-UGC07332 1
117.9845 0.4484 112.9557 0.9997 8.1452 0.0427 20.7235 1.2799 0.4682 0.0637 0.4506 0.0255 20.7967 2.6946 39.2337 2.5482 0.0 1.4535 VFID6610-NGC4517A 1
96.761 0.1005 96.9939 0.1827 6.933 0.0116 14.796 0.2514 0.5509 0.0183 0.544 0.0074 -11.0262 0.9625 -1.9232 2.932 0.0 1.4057 VFID6635-UGC08041 1
-999 -999 -999 -999 -999 -999 -999 -999 -999 -999 -999 -999 -999 -999 -999 -999 -999 -999 VFID6636-NGC4517 0
59.7978 0.0131 60.9189 0.0135 5.639 0.006 8.7375 0.0724 1.3153 0.0096 0.6596 0.003 -43.8214 0.4621 -26.7411 6.5903 0.0 2.8576 VFID6660-NGC4904 1
-999 -999 -999 -999 -999 -999 -999 -999 -999 -999 -999 -999 -999 -999 -999 -999 -999 -999 VFID6717-NGC4666 0
-999 -999 -999 -999 -999 -999 -999 -999 -999 -999 -999 -999 -999 -999 -999 -999 -999 -999 VFID6725-NGC4592 0
